0.002993 0.001051 -0.002154 -0.002393 -0.007348 -0.006090 0.001572 -0.007848 0.005395 -0.000428
0.006225 0.000692 0.007966 -0.001478 -0.003639 -0.009677 0.003802 0.000590 -0.000949 0.007907
0.002904 0.003219 0.006910 0.002997 0.000781 -0.007634 -0.005271 -0.004809 -0.005151 0.001026
0.006682 0.001509 0.005296 -0.005042 -0.003027 -0.003392 0.012384 0.003140 0.003864 -0.001969
-0.001886 -0.001718 -0.007605 0.006879 0.005497 0.003464 0.003347 -0.004501 0.002170 -0.006745
0.001647 0.004253 -0.002172 0.001039 -0.001246 -0.004042 0.006011 -0.003067 -0.002576 0.007718
0.001907 0.003203 0.003556 -0.006125 -0.002797 -0.004163 0.004852 -0.003354 -0.001315 -0.004984
0.003201 -0.002768 0.000331 -0.011297 0.007373 0.008506 0.006984 -0.000162 0.002974 0.000615
0.002528 0.008784 0.003042 0.002647 0.011481 -0.001296 -0.001932 0.005078 -0.005354 0.004401
-0.001975 -0.000917 -0.001401 0.002544 -0.004480 0.005279 -0.002071 0.002564 0.000182 0.004964
0.001778 0.002119 -0.004543 -0.000293 0.003129 0.006261 0.002931 -0.000156 -0.006280 -0.002761
-0.001372 -0.003027 -0.003602 0.000164 -0.006490 0.011236 0.007556 0.006508 0.007082 -0.010659
