0.000598 -0.020812 -0.008039 0.001132 0.019274 0.010383 -0.016220 0.012353 -0.020171 -0.005780
0.005452 -0.042340 -0.005109 0.021997 0.000678 -0.023509 -0.008784 -0.007175 -0.011354 -0.002528
-0.011928 -0.017916 -0.004291 0.020995 -0.003808 -0.022904 -0.005705 -0.012984 -0.029952 0.002882
0.003368 0.011852 0.014568 -0.018252 0.002087 -0.004314 -0.000400 -0.002110 -0.005524 0.010658
0.002774 -0.001039 -0.012995 0.002463 0.008590 0.001084 0.003616 0.017323 0.018262 -0.022379
-0.001223 0.034254 0.020250 -0.037967 -0.001810 0.002954 -0.006848 0.002279 0.012859 -0.002545
-0.009398 0.000664 0.008676 0.006444 0.012556 0.004601 -0.003037 0.015503 0.000192 -0.011454
-0.007531 -0.003486 0.009884 0.016704 0.035130 -0.009169 0.014315 0.016765 -0.024374 0.011063
0.002739 -0.007189 -0.016429 -0.009075 -0.010552 0.011125 -0.009287 -0.005533 0.008569 -0.010663
-0.003476 0.019986 0.003174 -0.013898 -0.010977 0.011033 0.009234 -0.020592 -0.001801 0.021281
0.003132 0.014227 -0.008709 -0.011541 -0.000027 0.008286 0.002229 0.011664 0.008178 -0.016560
-0.004090 0.022146 -0.006155 -0.010297 -0.008588 0.006363 0.004861 -0.008825 -0.020469 0.004279
0.002131 -0.012618 -0.001197 0.002056 0.017330 -0.001699 -0.003434 0.012099 0.006049 -0.006910
0.010056 0.009767 0.018231 -0.012576 0.026549 -0.004465 0.004933 0.016039 0.003541 0.017751
-0.014584 0.012007 0.020460 -0.000183 -0.013854 -0.008783 -0.000597 -0.017875 -0.004677 0.019069
0.014019 -0.031324 -0.010630 0.000262 0.005143 -0.015590 -0.011661 0.000484 -0.001422 -0.010581
0.027693 -0.001321 -0.012379 -0.043668 -0.025611 0.030150 -0.020972 -0.005808 0.043321 -0.015918
0.009594 0.027115 0.000055 -0.043689 -0.017026 0.014886 0.002522 -0.010406 0.024592 0.005508
-0.006949 0.020502 0.025042 -0.033661 -0.010806 0.019654 -0.013243 0.002137 -0.000660 0.002637
0.002583 -0.008629 0.006514 -0.007982 -0.016454 -0.009074 -0.005269 -0.015338 0.007063 0.013286
-0.002353 0.018888 -0.001640 -0.007994 -0.004137 0.011250 0.004607 -0.001833 -0.011062 0.004522
0.019364 -0.056482 -0.013865 0.031166 0.022291 -0.024436 0.003053 0.009256 0.017490 0.017114
0.004426 -0.029977 -0.025273 0.019534 -0.011911 -0.011391 0.000143 -0.015947 0.025619 0.009446
-0.002742 -0.007809 -0.009397 -0.002408 -0.012062 0.010587 0.006780 -0.018635 0.004266 0.011646
0.011909 -0.005616 0.008747 -0.055087 -0.016720 0.031535 -0.062264 0.005136 -0.013935 -0.037963
0.006184 -0.008977 -0.000096 -0.021775 0.013575 -0.004346 -0.007965 0.007770 -0.024768 -0.010502
0.001189 0.013860 -0.000198 -0.033581 -0.027383 0.036479 -0.015416 -0.006692 0.008793 -0.011520
0.008348 -0.000274 -0.012466 0.007754 -0.017466 -0.011516 0.014064 -0.018586 0.022304 0.007207
0.000467 0.023415 -0.012506 0.007163 -0.003243 -0.005710 0.033103 -0.001808 0.013906 0.009081
-0.006021 -0.000747 -0.007002 0.004629 -0.001363 -0.002144 0.008090 -0.019383 0.004508 0.028272
-0.000680 -0.012296 -0.035417 0.028344 -0.017878 -0.005260 0.009854 -0.029687 0.006987 0.013636
-0.005472 -0.001800 0.001034 -0.008747 -0.014187 0.004415 -0.019420 0.003398 -0.041159 -0.032865
0.011086 -0.023428 0.017205 -0.029327 -0.010091 0.011812 -0.044360 0.005754 -0.009097 -0.015473
0.012668 0.006304 0.010856 -0.032524 -0.003325 -0.007831 -0.003832 -0.000894 0.014664 0.000901
-0.011137 -0.005061 0.024521 -0.008008 -0.019649 0.002468 -0.020350 -0.010557 -0.014125 -0.000046
0.003284 -0.010628 0.003169 0.011317 -0.002299 -0.021357 0.010833 -0.011970 0.019443 0.009910
-0.002044 0.022953 -0.014790 0.011610 -0.003094 0.000881 0.026734 0.002063 0.010071 -0.005256
0.003254 -0.043140 -0.014990 0.016900 -0.005939 -0.006193 -0.018929 -0.002783 -0.002542 -0.010386
0.004336 -0.021014 -0.033626 0.025513 -0.003768 0.005332 -0.002671 0.003434 0.000559 -0.013030
-0.004396 0.004232 0.010031 -0.008068 -0.002453 0.001026 -0.004379 0.000535 -0.012567 -0.001380
0.004193 -0.021799 0.024847 -0.026303 -0.019586 0.013965 -0.044108 0.000004 -0.042562 -0.022337
0.014904 -0.004669 -0.011006 -0.019717 -0.015964 0.004142 -0.018580 0.012768 -0.004594 -0.042468
-0.025568 -0.003470 0.035823 0.012325 -0.031447 -0.004915 -0.023515 -0.029622 -0.023111 0.018677
0.000152 -0.002615 0.030369 0.006551 0.015167 -0.029616 0.015989 0.010313 0.024270 0.021330
-0.000351 -0.008993 -0.016832 0.032822 -0.017003 -0.016623 0.022530 -0.027065 0.016920 0.021195
-0.022921 -0.014082 -0.011145 0.025922 -0.046262 -0.007885 -0.007685 -0.019918 -0.031355 -0.024147
0.006738 0.008009 -0.010660 -0.002959 -0.020774 0.033485 -0.009872 -0.000135 0.010995 -0.003957
0.001438 -0.018265 0.009386 -0.009965 0.009268 0.014489 -0.015137 0.013025 -0.000374 -0.006033
-0.005312 0.023966 0.011914 0.005457 -0.013245 -0.010953 0.015081 -0.009400 0.007647 0.003053
0.006055 0.021424 -0.002897 -0.018253 0.000306 -0.007588 0.005032 0.005775 0.002445 -0.012809
-0.003171 0.002731 0.010227 -0.002294 -0.002561 0.010158 -0.002384 -0.001391 -0.006224 0.002994
-0.001645 -0.007572 -0.001158 0.003446 0.002383 0.007011 -0.008696 0.005832 0.003864 -0.010136
-0.003423 0.007484 0.001615 0.015192 -0.008757 -0.001611 0.013013 -0.013321 0.012558 0.017663
0.006697 -0.026882 -0.027797 0.024933 -0.016854 -0.006013 0.007013 -0.009673 -0.011997 -0.004117
0.004870 0.005416 -0.000048 -0.004646 0.004903 0.002703 0.003757 0.003284 0.002342 0.002592
-0.000885 0.003362 -0.002149 -0.002993 -0.020678 0.010360 -0.004995 -0.011083 0.005482 0.003020
-0.007946 -0.041120 -0.006640 0.048796 -0.000642 -0.017922 0.010756 -0.010118 -0.009889 0.020071
-0.011744 0.019667 0.001226 0.009600 -0.013190 0.011144 0.005154 -0.012643 -0.001158 0.011773
0.015943 0.015188 -0.008538 0.000557 0.013722 -0.019966 0.025474 0.010311 0.048191 0.002954
-0.002839 0.012432 -0.013649 0.008517 0.017198 0.004627 0.017560 0.008077 -0.021977 -0.000363
0.009445 -0.034686 -0.001365 -0.020284 -0.002668 0.012365 -0.041894 0.004796 -0.017565 -0.023070
-0.000963 0.009995 0.033601 -0.028325 0.025647 0.007949 -0.018788 0.029177 -0.019590 -0.018186
-0.000489 0.010166 0.021135 -0.027705 -0.012959 0.002951 -0.011501 -0.012597 -0.007776 0.019850
0.030446 -0.024690 -0.002290 -0.031594 0.005456 -0.014602 -0.031075 0.008571 0.035311 -0.020302
0.007504 -0.035138 -0.001639 -0.029460 -0.030948 0.020709 -0.057131 -0.007820 -0.023615 -0.030230
0.006537 0.049229 0.021049 -0.066358 -0.010463 0.014229 0.007956 -0.021119 -0.017607 0.024418
-0.004088 0.005038 0.000174 -0.018777 -0.031845 0.024375 -0.027111 0.001971 -0.005332 -0.035051
-0.010665 0.033677 -0.004309 0.002411 -0.013227 -0.023619 0.029904 -0.023907 0.003394 0.016148
0.000941 -0.004624 -0.031253 0.036217 0.021333 -0.014829 0.040192 0.001888 0.023330 -0.001775
-0.004446 -0.002013 0.018145 0.001702 0.006632 0.004973 -0.005391 0.011045 -0.020678 0.016471
-0.010621 0.018168 0.008542 0.011912 -0.023678 0.000233 0.000169 -0.023903 -0.003247 0.027855
0.014933 -0.037325 -0.004784 -0.020136 -0.009051 -0.019073 -0.037729 0.011920 -0.014017 -0.048011
0.014613 -0.035024 -0.023851 -0.012667 -0.011344 0.026075 -0.029788 -0.003043 -0.026454 -0.019365
-0.001736 0.001009 -0.018551 -0.012948 -0.023530 0.036050 -0.015132 -0.007476 -0.014651 -0.018410
0.005442 0.018782 -0.003603 -0.024022 -0.018142 0.010882 -0.002625 -0.004605 0.018048 -0.003125
-0.003829 0.029250 0.010035 -0.017767 -0.005845 -0.005768 0.013035 -0.002297 -0.014691 0.023977
0.008760 -0.031319 -0.009298 0.002168 -0.002665 -0.006173 -0.011398 -0.016608 0.001574 0.013985
-0.016443 0.026654 0.026263 -0.007456 0.008472 -0.002736 0.004285 0.008599 -0.023296 0.010359
-0.003635 0.025130 0.018728 -0.019741 -0.040458 0.000317 0.003579 -0.039509 0.029785 0.043538
0.014329 -0.031129 -0.004127 -0.028179 -0.000203 -0.004606 -0.032257 0.006463 -0.006879 -0.039281
