0.001260 0.014283 0.000552 0.008927 -0.012472 -0.004497 0.000871 0.005412 -0.005106 -0.008143
0.004069 0.001642 0.001401 -0.003233 -0.008069 0.003180 0.002231 0.000525 0.000061 -0.006785
0.001356 0.005545 -0.006803 0.003102 -0.005048 0.001140 -0.002071 0.003799 0.002037 -0.004552
-0.008898 -0.003512 -0.000889 0.001208 -0.001354 -0.004569 0.001203 0.010774 0.001861 0.003267
0.002574 -0.007278 0.002706 -0.003445 0.008369 0.002517 -0.001038 -0.008351 -0.000658 0.001313
-0.005270 -0.001266 -0.014326 0.000305 0.004360 0.006249 -0.001313 -0.000089 0.007489 0.010901
-0.003820 -0.002722 0.003175 -0.005156 -0.004090 0.002759 0.004751 0.004689 -0.006219 -0.006127
0.005090 0.008488 -0.001799 0.004542 0.006425 0.001213 -0.003150 -0.009843 -0.005244 0.001252
0.002742 0.011440 0.003868 0.007067 -0.002190 -0.003584 -0.000997 -0.002067 -0.010985 -0.008980
0.001654 -0.000891 0.005983 0.004612 -0.001911 -0.007332 -0.000514 0.000085 0.004012 0.003682
-0.001376 -0.002447 0.001901 0.001767 -0.001812 -0.003222 0.000085 0.001618 0.003265 0.001336
0.002564 -0.005323 0.004169 -0.001716 0.001740 -0.002572 -0.001091 -0.001235 0.004298 0.001487
-0.015277 -0.002331 -0.003572 0.007238 -0.006214 -0.010496 0.000032 0.016681 0.009301 0.006574
0.006325 0.000673 0.008925 0.002730 0.006166 -0.003896 -0.001519 -0.008110 -0.006694 -0.001438
-0.007102 0.004281 -0.000618 0.003518 -0.009856 -0.004288 0.001454 0.011224 -0.000979 -0.006759
-0.004229 -0.003519 -0.005495 -0.001616 -0.002440 0.002246 0.001180 0.004581 0.005936 0.004008
0.001672 -0.002249 0.007943 0.003164 0.003157 -0.006392 -0.000848 -0.002515 -0.001445 0.001391
0.000819 -0.007526 0.005931 -0.009254 -0.001558 0.001295 0.004079 0.002984 0.002535 0.002869
0.012717 0.000068 0.004499 -0.005869 -0.000225 0.005140 -0.000253 -0.008694 -0.001696 -0.006352
-0.000264 0.014212 0.001951 0.007032 -0.020676 -0.004072 0.003773 0.009535 -0.003488 -0.011745
-0.007937 0.000553 -0.000587 0.003866 -0.003914 -0.003692 0.001788 0.007599 -0.001281 -0.000029
-0.000052 0.001866 -0.003442 -0.000539 -0.005501 0.001092 0.000577 0.003697 0.004495 0.000370
0.000440 0.002071 -0.002632 0.004610 0.002564 0.000283 -0.003142 -0.003184 -0.003923 -0.006449
0.003396 0.001835 -0.006334 0.001463 0.009594 0.004181 -0.004294 -0.008270 -0.001446 0.002080
0.000224 -0.001860 0.007162 0.000333 -0.001000 -0.002589 0.001587 0.002199 -0.008281 -0.008158
-0.000267 -0.001387 0.000736 -0.004013 -0.003371 0.003891 0.003697 -0.000439 -0.000396 0.000526
0.005519 0.001697 0.003643 -0.002390 -0.005241 0.000780 0.001538 0.000814 -0.001474 -0.004959
0.003895 0.000343 0.001355 -0.003182 0.004452 0.003606 -0.000003 -0.008109 -0.001605 0.001865
-0.001326 0.003258 -0.005064 0.003204 -0.002009 0.001181 -0.000136 -0.000415 0.002628 0.003171
0.002939 0.007660 -0.000867 -0.000001 -0.006376 0.003876 0.002506 -0.001124 -0.004758 -0.004664
0.001481 0.000551 0.008074 0.002742 0.002478 -0.004848 -0.000174 -0.002758 -0.006215 -0.002757
-0.000741 -0.004459 -0.000092 -0.000959 0.006702 0.000452 -0.000774 -0.003509 0.001082 0.005559
-0.006887 -0.005692 0.011451 0.002373 -0.011144 -0.012994 0.004295 0.014357 0.005765 0.002272
0.009421 0.008330 -0.000093 -0.001516 0.000406 0.006263 -0.000363 -0.009417 -0.007123 -0.006037
0.002478 0.012136 -0.008902 0.001058 -0.014763 0.005541 0.001182 0.008536 -0.002427 -0.012820
0.000517 0.002577 -0.001337 -0.001909 0.001124 0.004082 0.000782 -0.002310 -0.005305 -0.003201
0.003154 -0.011617 0.003791 -0.012462 0.014791 0.007698 0.001186 -0.010746 -0.002550 0.006577
-0.010608 -0.012195 -0.006138 0.003591 0.011068 -0.006101 -0.004242 0.004692 0.012441 0.016028
-0.001741 -0.003758 0.009806 -0.000918 -0.003541 -0.005046 0.003447 0.004913 -0.004178 -0.003305
-0.000757 0.007711 -0.012383 0.002355 -0.006667 0.005525 -0.000888 0.003352 0.003200 -0.002409
-0.010469 -0.011813 0.012003 0.005412 0.006857 -0.015644 -0.001230 0.006821 0.000489 0.004430
-0.001638 0.005677 -0.003283 -0.000289 -0.013864 0.003362 0.004388 0.008300 -0.001886 -0.007674
-0.007804 0.005069 -0.006814 0.011816 -0.000208 -0.006874 -0.003957 0.006543 0.001375 0.001040
-0.001967 -0.005479 -0.010155 -0.004910 0.000876 0.005558 -0.000808 0.004376 0.009437 0.005656
0.004532 -0.000842 0.006833 0.001362 0.004641 -0.002396 -0.001227 -0.007533 -0.003593 -0.001207
0.001546 0.000735 0.002710 -0.003822 -0.005120 0.003599 0.004660 -0.000274 -0.002787 -0.000809
-0.001552 -0.005146 0.007061 -0.007400 -0.003547 -0.000454 0.004885 0.004600 0.000415 0.001657
0.006609 0.013309 -0.002021 0.003673 0.000966 0.004254 -0.000451 -0.008369 -0.010158 -0.003419
0.001078 0.007942 -0.006458 0.007411 -0.000888 -0.001820 -0.003905 -0.000530 0.002739 0.000928
-0.003769 -0.003068 0.007416 0.001979 -0.001975 -0.007857 0.000421 0.005413 -0.000281 -0.002084
-0.001913 0.000849 -0.005353 0.003845 0.001549 -0.001236 -0.002513 0.000577 0.004858 0.004472
-0.005877 0.010742 -0.012281 0.005011 -0.007511 0.005442 0.000947 0.003452 -0.002530 -0.003980
0.003484 -0.001429 0.004271 -0.002534 -0.000729 0.000760 0.000220 -0.003582 -0.001051 -0.004574
0.005565 0.000599 0.003243 -0.002550 0.004546 0.002005 -0.001110 -0.008030 -0.002653 -0.001329
0.002808 0.002901 0.000096 0.000031 0.003732 0.002781 -0.000252 -0.008207 -0.002543 0.002019
-0.005701 -0.004659 -0.001034 -0.000191 0.002999 -0.003341 -0.000757 0.005066 0.004296 0.005621
-0.006683 -0.006474 0.005451 0.005357 0.004140 -0.010871 -0.001356 0.004640 0.003995 0.007586
-0.006825 -0.000843 -0.009321 -0.003262 -0.004947 0.007279 0.002886 0.005657 0.001157 -0.001496
0.003656 0.014729 -0.014810 0.003129 -0.013863 0.009382 0.000253 0.004245 -0.001182 -0.010658
0.007348 0.004515 0.002852 -0.002846 0.001157 0.004034 0.000965 -0.008088 -0.004520 -0.000951
0.005474 -0.001657 -0.000994 -0.005486 0.005097 0.006434 -0.000431 -0.008241 -0.000325 0.000988
-0.001105 0.001790 0.006436 0.002820 -0.003284 -0.005403 0.001571 0.002191 -0.002627 -0.000977
0.003929 0.003852 0.010618 0.002181 -0.001378 -0.005075 0.000947 -0.002175 -0.008212 -0.005987
-0.001768 0.007899 -0.004962 0.004414 -0.004145 0.001020 -0.000223 0.001891 -0.003177 -0.003877
0.005244 0.003372 0.004811 -0.001221 -0.002059 0.000526 0.001043 -0.001601 -0.006224 -0.006354
0.004036 -0.001442 0.000260 -0.000258 -0.000702 -0.000007 -0.001590 -0.001230 0.002866 -0.002209
-0.001165 -0.005916 0.004307 0.000122 0.012132 -0.004576 -0.002862 -0.006718 0.003332 0.010526
-0.009851 -0.000240 -0.006464 0.005198 -0.002655 -0.003658 -0.000156 0.010249 0.003886 0.003983
-0.006071 -0.002542 0.002161 0.000742 -0.005275 -0.004792 0.002226 0.008094 0.003967 0.002696
0.010156 0.001942 0.000530 -0.011433 -0.000768 0.012212 0.003245 -0.010758 -0.001967 -0.001688
0.002579 -0.003367 0.008390 -0.003810 -0.003839 -0.000532 0.003234 -0.001524 -0.001138 -0.002965
-0.006089 0.000139 -0.011053 0.004364 -0.000823 0.000803 -0.001905 0.004976 0.006644 0.004602
0.003332 0.023772 -0.016377 0.004494 -0.017809 0.011355 0.002064 0.004949 -0.007386 -0.013647
0.002205 -0.006864 0.013115 0.001064 0.004227 -0.008532 -0.000917 -0.004222 0.000508 0.001090
0.002600 -0.002601 0.003185 0.001288 0.002194 -0.004694 -0.002845 -0.000369 0.003955 0.000815
0.003118 0.016923 -0.007931 0.002801 -0.009457 0.008623 0.001259 -0.002933 -0.009519 -0.012603
-0.000380 -0.006765 0.000980 -0.003987 0.009632 0.001122 -0.001089 -0.004553 0.001371 0.006362
0.007083 -0.006032 0.005052 -0.008135 0.009751 0.003732 -0.001422 -0.010195 -0.000767 0.000941
0.009163 0.009199 0.002038 0.000445 -0.004345 0.006706 0.002047 -0.010712 -0.009603 -0.009169
-0.003938 0.002581 -0.011032 0.004472 0.000973 0.002668 -0.002721 0.001378 0.002311 0.000605
