0.005714 -0.003003 -0.007299 0.015403 -0.004352 0.003651 -0.002568 0.006999 -0.010903 0.003955
0.000913 -0.003099 -0.000816 -0.003455 -0.018018 0.003782 0.010712 -0.007038 0.009483 0.002850
-0.000749 0.002998 -0.032524 -0.009820 0.019906 0.011058 0.014875 0.018720 -0.004369 -0.001215
0.011710 -0.009017 0.004941 0.033835 0.005479 0.003754 -0.018113 -0.001884 0.001049 0.003054
0.001826 -0.004495 -0.018693 -0.006478 0.007632 -0.005688 -0.021650 -0.015618 -0.023178 -0.003749
0.024952 -0.023197 -0.015553 0.024189 0.019555 0.000427 -0.016225 -0.013573 0.001265 0.002741
-0.001003 -0.007765 -0.006254 0.006772 0.010592 -0.007036 -0.020523 -0.005039 -0.002789 0.000018
-0.010544 -0.011475 0.002651 0.013374 0.011516 0.014296 -0.002904 0.010165 -0.009621 -0.032845
0.025249 -0.014050 -0.003076 0.032737 0.008861 0.012333 -0.004646 0.009827 -0.009612 -0.005779
0.000455 -0.001441 -0.011704 -0.006155 -0.008482 -0.002331 0.011866 0.002770 0.005392 0.001375
-0.003523 -0.001009 -0.006519 -0.001791 0.003699 0.009429 0.013956 0.007823 0.003063 0.001924
0.004331 0.001763 0.002556 0.006707 0.001107 0.000441 -0.004056 -0.002604 -0.001215 0.009738
0.019105 -0.010741 0.001632 -0.015925 0.011590 0.004811 -0.000782 -0.000747 -0.025904 -0.012721
0.016396 -0.013684 -0.007910 0.014576 0.014953 0.000958 -0.007609 -0.004659 0.001515 0.001485
0.001740 -0.001857 -0.002942 0.012531 0.004464 0.000209 -0.012652 0.001947 -0.004099 0.001677
0.009294 -0.006883 -0.011102 0.013194 -0.005568 0.009825 0.001557 0.009892 0.000497 -0.009139
0.023948 -0.013042 -0.005444 0.030956 0.006540 0.013092 -0.003927 0.012048 -0.012932 -0.001544
-0.000679 -0.000848 -0.004736 -0.001713 -0.000836 -0.000440 0.006380 0.008686 -0.000144 -0.000754
-0.014035 0.002962 -0.012620 -0.001062 0.003335 0.016965 0.034757 0.014715 0.003919 -0.001994
0.015648 -0.002032 0.008036 0.025798 -0.001194 0.011625 -0.010819 0.003056 0.003034 0.021952
0.010385 -0.007769 -0.004073 -0.009999 0.010241 0.002525 -0.003908 -0.002517 -0.021844 -0.007381
0.019617 -0.018858 -0.013827 0.018308 0.014126 0.000089 -0.013662 -0.010956 0.001271 0.002737
0.002737 0.000886 -0.002434 0.003385 0.001051 -0.002152 -0.007204 -0.000374 -0.002659 0.001560
0.006154 -0.005524 -0.007003 0.009390 -0.008186 0.007358 0.000875 0.005348 0.001036 -0.006023
-0.005873 0.002969 -0.001821 -0.005043 -0.003199 -0.000700 0.001203 0.000280 -0.000437 0.003838
-0.000227 -0.000071 0.004490 0.001000 -0.001511 0.001771 -0.001702 -0.002877 0.000569 0.000290
0.005547 -0.002640 0.001997 -0.000888 0.000122 -0.004666 -0.011425 -0.003898 -0.001522 0.001339
0.002760 -0.006329 0.002034 0.014710 0.002622 0.000646 -0.007927 0.000411 0.000564 -0.006218
-0.007226 0.001663 -0.004751 0.005997 -0.000697 -0.002571 -0.004501 -0.002407 0.002014 -0.000493
-0.000616 -0.001146 -0.002052 -0.001505 -0.001188 0.000089 -0.000610 0.000197 0.000981 0.000272
0.000924 0.001800 0.000080 -0.001462 -0.001590 -0.000356 0.001267 0.000479 -0.000356 0.000346
-0.002487 0.002735 0.003779 -0.004197 -0.000846 -0.002936 -0.000561 -0.005024 0.000798 0.003798
0.035545 -0.018809 -0.007940 0.048535 0.007515 0.017832 -0.006599 0.017175 -0.019454 -0.003064
0.001941 -0.003635 -0.016213 -0.008888 -0.022418 -0.002078 0.020098 -0.004080 0.013366 0.003781
-0.009428 0.004328 -0.031355 -0.007290 0.017951 0.020362 0.034817 0.023961 0.001384 -0.001506
0.019032 -0.007524 0.008669 0.042908 0.004593 0.009525 -0.021922 -0.001148 0.002059 0.017414
0.027278 -0.017029 -0.011822 -0.027113 0.022771 0.002536 -0.016877 -0.011193 -0.052335 -0.015890
0.039560 -0.034344 -0.020681 0.036969 0.035649 0.001961 -0.021059 -0.015786 0.002350 0.003194
-0.000991 -0.010568 -0.007757 0.007609 0.011476 -0.007991 -0.024578 -0.006013 -0.004567 0.000593
-0.002228 -0.017366 -0.006886 0.024663 0.004678 0.022552 -0.001713 0.018641 -0.008941 -0.039432
-0.015161 0.007963 0.000520 -0.018329 -0.005992 -0.007648 0.002204 -0.005744 0.003894 0.003663
-0.000828 0.001103 0.009350 0.004789 0.008126 0.002288 -0.008443 0.001539 -0.005436 -0.001694
-0.008122 0.001854 0.001318 0.002071 -0.005060 0.003761 0.012769 0.000877 0.000284 -0.002319
-0.005600 0.009804 -0.002497 -0.026164 -0.005452 0.000575 0.015148 0.001694 -0.000565 0.008016
-0.007357 0.006101 0.002205 0.006907 -0.007472 -0.001131 0.004752 0.001870 0.015774 0.007564
-0.007405 0.005258 0.001736 -0.005734 -0.009022 -0.001111 0.001089 -0.000977 -0.001317 0.000014
0.001955 0.006959 0.003001 -0.003895 -0.005158 0.002278 0.010601 0.002107 0.002105 0.000060
0.002237 0.006168 0.001589 -0.008829 -0.003635 -0.008372 0.001171 -0.006703 0.004262 0.016130
0.080793 -0.043141 -0.008449 0.101762 0.024747 0.034408 -0.014562 0.030931 -0.033127 -0.017756
-0.000631 -0.004666 -0.029044 -0.012535 -0.015935 -0.004342 0.033341 0.024678 0.008057 0.000861
-0.045085 0.011658 -0.059146 -0.007972 0.024625 0.060634 0.120482 0.058617 0.012112 -0.007620
0.060771 -0.013892 0.029650 0.113292 0.002524 0.039116 -0.051468 0.005691 0.010074 0.074384
0.030973 -0.027217 -0.018518 -0.035553 0.030119 0.005717 -0.019954 -0.014156 -0.073027 -0.020936
0.072114 -0.066370 -0.047528 0.070731 0.048399 -0.001027 -0.050777 -0.042359 0.003575 0.010887
0.005246 -0.007764 -0.014284 0.017325 0.017162 -0.015947 -0.045216 -0.008413 -0.010339 0.003041
0.006076 -0.032292 -0.019709 0.046688 -0.007300 0.040869 -0.001611 0.032258 -0.011244 -0.061584
0.039410 -0.020905 -0.004259 0.049107 0.012138 0.017612 -0.007106 0.015137 -0.015841 -0.007931
0.001498 -0.002729 -0.018873 -0.008103 -0.014312 -0.003998 0.018495 0.003708 0.008827 0.001978
-0.012445 0.005839 -0.026962 -0.005169 0.013968 0.020560 0.038125 0.022996 0.002263 -0.002451
0.016291 -0.003419 0.006883 0.030955 0.001844 0.008893 -0.015227 -0.000406 0.002136 0.020115
0.029032 -0.016162 -0.004382 -0.027182 0.020151 0.005188 -0.008517 -0.005768 -0.045348 -0.014420
0.031030 -0.025784 -0.014482 0.029173 0.029286 0.002071 -0.015008 -0.010688 0.001870 0.002149
-0.000453 -0.008622 -0.006050 0.009751 0.009355 -0.004562 -0.020941 -0.003573 -0.004268 0.000980
0.003913 -0.015149 -0.010732 0.022966 -0.000141 0.019696 0.000108 0.018300 -0.005177 -0.029840
-0.016264 0.009022 -0.003501 -0.014189 -0.010342 -0.005900 0.001649 -0.002461 -0.000099 0.008123
0.002051 -0.001424 0.002962 -0.001674 -0.015423 0.002169 0.001338 -0.020025 0.009409 0.004068
0.011284 0.000192 -0.008980 -0.004990 0.008888 -0.007976 -0.020669 -0.001485 -0.006460 0.000748
-0.007978 -0.002723 -0.004964 -0.005971 0.003792 -0.007943 0.000386 -0.003467 -0.001981 -0.017923
0.008204 -0.002174 0.001949 -0.006458 0.001975 0.000767 -0.000633 -0.000717 -0.005984 -0.002083
0.000843 0.000520 0.002456 0.000787 0.004416 0.000919 0.002119 0.001879 -0.000362 -0.001244
-0.002585 -0.003382 -0.000087 -0.004139 0.001159 -0.000954 0.001076 -0.002041 0.001334 -0.001091
-0.007584 0.001318 0.006522 -0.002667 0.008463 -0.000703 -0.001295 -0.001797 -0.002855 -0.005001
0.040484 -0.021620 -0.006646 0.053493 0.010951 0.019381 -0.007276 0.017706 -0.018870 -0.006357
0.000278 -0.002674 -0.015986 -0.008946 -0.014670 -0.002464 0.018534 0.003588 0.008573 0.002738
-0.016703 0.002605 -0.021677 -0.003074 0.010600 0.025652 0.047934 0.023377 0.007516 -0.000856
0.025345 -0.005785 0.012753 0.049512 0.002725 0.014841 -0.023561 0.000425 0.003095 0.030727
0.023804 -0.017555 -0.003523 -0.023516 0.017897 0.006222 -0.005192 -0.003414 -0.042148 -0.015105
0.038877 -0.034497 -0.023650 0.037645 0.026850 -0.000982 -0.026107 -0.021983 0.001216 0.005530
0.001396 -0.005816 -0.007343 0.006839 0.009127 -0.008818 -0.022315 -0.004984 -0.005063 0.000989
0.002850 -0.017018 -0.010603 0.025341 -0.001878 0.022081 -0.001402 0.017358 -0.007206 -0.034104
