0.000110
-0.003523
-0.000627
0.000314
0.000914
0.005102
0.002302
0.003576
-0.003063
0.000167
0.003646
-0.004944
0.003108
-0.002682
0.000489
-0.005310
0.002152
0.000111
0.001207
0.002600
0.000310
-0.000549
0.000528
-0.000771
0.006343
-0.002159
-0.003343
-0.001818
-0.001295
-0.002890
-0.000037
0.001288
0.007617
0.001092
0.000255
0.001538
0.002083
0.004573
-0.002792
0.003075
-0.001039
0.004758
-0.003367
0.000718
0.002344
-0.000296
0.004623
-0.002376
-0.002851
-0.001644
-0.004644
0.001584
-0.003699
-0.000880
-0.006302
-0.005276
-0.002668
-0.003575
-0.001518
-0.002129
0.001894
-0.002508
0.001951
-0.004563
-0.001484
0.008347
0.002918
0.002379
0.003715
0.006547
-0.001946
0.005016
-0.002069
0.004318
0.007147
0.004617
-0.001913
-0.010099
-0.001365
-0.012624
0.001541
-0.004701
-0.004452
0.000053
-0.003381
0.000397
0.003681
0.002336
0.001355
-0.003916
-0.000103
-0.005771
-0.004945
-0.005070
-0.002435
-0.002940
0.003663
-0.009539
0.001545
-0.002126
-0.002704
0.003796
0.004045
-0.018960
0.007730
-0.005743
-0.007860
0.005151
-0.000493
0.000320
-0.004078
-0.002992
-0.005911
0.008109
-0.001743
-0.006207
0.008122
0.005824
-0.000762
0.004571
