0.005914 -0.003807 0.000211 0.000908 0.002718 0.003020 -0.000363 -0.001964 0.006000 0.004184
0.001708 0.006346 0.006629 0.002897 0.002882 0.000836 0.006776 -0.004717 0.011272 -0.000580
0.001215 0.002438 -0.006875 -0.006855 -0.003888 0.000124 -0.003668 0.003353 -0.007477 -0.002641
-0.004093 -0.000383 -0.003860 0.000032 -0.003294 -0.004028 -0.002543 -0.000294 -0.005724 -0.003436
0.002866 0.001417 0.002068 -0.003718 0.000207 0.007151 0.001402 0.003071 0.006810 0.001832
0.002909 0.004851 0.002244 -0.001132 0.000343 0.001713 0.003119 -0.001507 0.001561 0.001220
-0.004784 -0.003453 0.002431 0.008596 0.006726 0.002380 0.002197 -0.002493 0.003919 0.000327
-0.001537 0.003737 0.001365 0.000665 0.002455 0.001095 0.002095 0.000331 -0.008336 -0.001088
-0.002893 -0.003114 -0.000329 0.006864 0.003950 -0.002604 0.002332 -0.002595 0.000122 0.000403
-0.001861 0.003742 -0.001186 0.000831 0.001939 0.001092 0.003687 0.000377 0.000225 -0.002075
-0.004662 0.002842 -0.000188 -0.002721 -0.001107 0.004094 -0.000395 0.006360 -0.008697 -0.002464
-0.001807 0.001186 0.002749 0.000337 0.000133 0.000964 0.001541 0.000123 0.003208 -0.000316
-0.000164 0.000044 0.000895 -0.000562 -0.000248 -0.003097 -0.000363 -0.001381 -0.001683 0.000450
0.002318 0.016398 0.002793 -0.004344 0.001248 0.007767 0.010715 0.002549 0.003387 -0.004454
-0.001844 0.005152 0.003407 -0.001036 0.001364 0.002820 0.003388 0.001041 0.003079 -0.001622
-0.000274 -0.011849 0.000765 0.005756 0.002306 -0.003317 -0.006531 -0.005543 -0.000505 0.004500
-0.000802 -0.030489 0.004166 -0.001175 -0.011719 -0.011141 -0.023449 -0.001856 0.006696 0.010934
0.001277 0.016161 0.009803 -0.008794 -0.004224 0.003285 0.003875 -0.000693 -0.005793 -0.004103
-0.004215 -0.022499 0.012264 0.000580 -0.001252 -0.011550 -0.017180 -0.006453 0.009917 0.008139
-0.002772 -0.000508 -0.004513 0.005096 0.002407 -0.001259 0.004573 -0.001814 0.005978 -0.001769
-0.003951 0.004991 -0.013745 0.005098 -0.001868 -0.004794 0.002394 -0.000625 -0.006893 -0.009377
-0.001132 0.021880 0.003877 -0.008424 0.000443 0.005002 0.010790 0.000454 0.000556 -0.008747
-0.001501 0.002298 0.003522 -0.005394 -0.003439 0.001855 -0.002298 0.001415 -0.003251 -0.000517
0.000568 -0.005442 -0.002448 -0.000824 -0.000916 -0.001567 -0.003324 0.000503 0.002495 0.002035
-0.002154 0.017493 -0.004750 -0.010314 -0.000572 0.010776 0.003489 0.011452 -0.023057 -0.007997
0.007469 -0.008966 -0.001805 -0.003428 -0.002645 -0.002557 -0.006776 0.001866 0.003018 0.006274
0.007845 -0.000377 -0.011765 0.017205 0.009429 -0.004766 0.010101 -0.014444 0.008652 -0.000950
0.005912 0.013371 0.003075 -0.010680 -0.002590 0.005870 0.001422 0.006061 -0.012572 -0.002263
0.005664 -0.002604 0.011542 -0.008065 0.000815 0.007980 -0.004036 0.002429 0.002035 0.007992
0.000483 -0.013690 -0.000401 0.013285 0.004960 -0.007420 -0.001458 -0.007105 0.015221 0.000092
0.001340 0.003711 0.001103 -0.008441 -0.005481 0.000142 -0.003552 0.002866 -0.006255 -0.000857
0.000717 -0.010407 -0.000404 0.001052 -0.001451 -0.002999 -0.005690 -0.001205 0.007766 0.004096
-0.003450 -0.008875 -0.003223 0.006563 0.002416 -0.005073 -0.002612 -0.002165 -0.000797 0.001427
-0.006676 -0.009100 -0.006329 0.007575 0.003424 -0.001826 -0.002084 0.002667 -0.005851 -0.000296
0.003439 0.027634 0.004559 -0.014071 -0.002876 0.016106 0.014888 0.015929 -0.003026 -0.004388
-0.001009 -0.003076 -0.000364 0.000169 0.000531 0.001576 -0.001568 0.001365 -0.001133 0.001142
-0.002490 0.001414 -0.000777 0.002792 0.000945 -0.004476 0.002013 -0.001006 -0.002891 -0.001643
-0.001067 0.010842 0.000771 -0.004377 -0.000325 0.004214 0.005600 0.003831 0.000283 -0.005302
-0.000876 0.002851 -0.000534 -0.007464 -0.004548 0.001943 -0.002454 0.005115 -0.007737 -0.001288
0.001567 -0.010554 0.000296 0.000741 -0.001080 -0.002255 -0.006012 -0.001872 0.009342 0.004661
-0.003075 -0.001694 -0.000082 -0.001620 -0.002767 -0.000104 -0.003684 0.002750 -0.006110 -0.000862
0.002317 0.003617 -0.000007 -0.006774 -0.003647 0.000282 -0.001270 0.002481 -0.003424 -0.000222
0.000380 -0.011193 0.000296 0.008818 0.003378 -0.004834 -0.002649 -0.005719 0.002920 0.004526
-0.000317 0.001867 -0.001912 -0.000365 0.000228 0.001047 0.001585 0.000845 0.000273 -0.001180
-0.002077 0.001805 -0.000025 0.000299 0.000396 -0.000138 0.000921 -0.001014 -0.002307 -0.001585
0.000591 -0.000290 0.000594 0.004030 0.001553 -0.001183 0.004333 -0.003057 0.008237 0.000703
-0.005107 0.000196 0.004547 0.005295 0.003912 0.001043 0.005293 -0.001634 0.010240 -0.000219
-0.001160 -0.004582 -0.002780 -0.000340 -0.001309 -0.001499 -0.006006 0.000583 -0.011934 0.000484
0.002310 0.019399 0.001152 -0.005609 -0.000202 0.006124 0.010078 0.002798 -0.001594 -0.006617
-0.000159 -0.010017 -0.007431 -0.002519 -0.004773 -0.005040 -0.007594 0.002556 -0.002609 0.002460
-0.002790 -0.024153 -0.006022 0.015152 0.003478 -0.012986 -0.011496 -0.011119 -0.002922 0.004661
-0.002754 -0.004240 -0.003187 -0.000869 -0.002673 -0.001789 -0.005343 0.001131 -0.006571 -0.000624
-0.000309 -0.000771 0.005256 -0.000638 0.001878 0.002958 0.001411 0.000091 0.004848 0.002671
0.000449 0.001647 0.003030 0.002512 0.000863 -0.001002 0.005684 0.000489 0.009829 0.000009
0.003519 0.005557 0.000083 -0.004905 -0.002406 0.000248 0.000363 0.000166 -0.001440 -0.001092
0.002270 0.000485 -0.001197 -0.002847 -0.001583 -0.001125 -0.000630 0.000526 0.000706 0.000513
0.001563 0.004739 -0.002053 -0.010132 -0.005069 0.003744 -0.003666 0.004582 -0.005602 -0.001791
0.004707 -0.005354 0.003630 -0.000372 -0.000629 0.000581 -0.004112 -0.001464 0.003983 0.004368
0.009150 0.013505 -0.001375 -0.000094 0.006024 0.003227 0.010728 -0.004997 0.010776 -0.001984
0.004522 0.009159 0.000976 -0.003895 -0.000480 0.000610 0.003837 0.000420 -0.002727 -0.001796
0.005008 0.001930 0.000909 -0.003917 0.000037 0.004896 0.001409 0.002839 0.004788 0.001910
0.004092 -0.013532 0.001817 0.004203 0.003309 -0.004290 -0.009170 -0.005339 -0.002219 0.005946
-0.001717 0.001722 0.002820 0.011291 0.008371 0.000943 0.012032 -0.004290 0.020617 -0.000165
0.000023 0.005630 0.001688 0.002879 0.001322 -0.000505 0.002722 -0.004785 -0.004657 -0.002702
-0.006202 0.008008 -0.003549 -0.000150 0.004615 0.003881 0.005072 0.004807 -0.012766 -0.004937
0.004099 -0.004029 -0.004145 0.001547 0.001936 0.001665 -0.002373 0.001070 -0.001269 0.001744
0.005005 0.035857 -0.001935 -0.002425 0.004082 0.012863 0.025992 -0.000621 0.007872 -0.013086
0.008111 0.009253 0.015594 -0.000993 0.002766 0.001235 0.008802 -0.004184 0.018554 0.003867
0.007751 -0.001349 0.002316 -0.007260 -0.003190 -0.001771 -0.002970 0.002219 0.002651 0.004789
0.001783 -0.007915 -0.005610 -0.006332 -0.003305 0.000965 -0.015304 0.003574 -0.019509 0.002703
0.004864 -0.000249 -0.002810 0.004244 0.002245 -0.003379 0.004414 -0.002360 0.009258 0.001005
-0.000465 0.005303 0.002591 0.005732 0.002409 0.000261 0.005828 -0.005225 0.004093 -0.002766
0.003011 0.004808 0.001208 -0.001950 -0.000781 0.002178 0.002516 -0.000498 0.003248 -0.000810
0.000116 0.000900 0.000490 -0.002542 -0.001956 -0.001050 -0.000120 -0.000039 0.001931 0.000087
-0.000981 -0.015405 -0.002776 0.004740 0.000658 -0.006038 -0.009520 -0.002502 -0.004168 0.004789
-0.002659 0.000635 -0.004752 -0.001267 -0.001936 -0.000198 -0.001478 0.001913 -0.006189 -0.002755
-0.002034 0.000118 0.001647 0.000255 0.001019 0.002309 0.000323 -0.000765 0.000132 -0.000190
-0.001206 -0.004766 0.000466 0.006256 0.000904 -0.000395 0.001885 -0.000299 0.002399 0.003432
0.002654 -0.005931 0.000284 0.002185 -0.000366 -0.004427 -0.003792 -0.004548 0.002068 0.002972
-0.001216 0.011733 -0.004363 -0.001035 0.000409 0.002230 0.007437 0.003346 -0.008453 -0.006158
