-0.004585
0.001910
-0.001522
0.000732
0.003630
-0.010691
-0.003925
0.002721
0.002888
-0.001737
0.004243
-0.004544
-0.005208
-0.002812
0.001673
0.000335
0.008082
-0.002971
-0.006349
0.002840
-0.001490
-0.002296
0.003131
-0.002445
0.007080
0.003870
-0.008242
0.013095
-0.001278
-0.011003
0.003132
-0.002426
-0.001367
-0.001554
-0.002794
-0.006338
-0.001401
-0.001347
0.000110
0.007149
0.001489
-0.003894
0.007346
-0.003616
0.000202
-0.007633
0.000554
-0.001540
0.002339
-0.002189
-0.000118
0.001473
-0.000100
0.001906
0.001178
0.002863
-0.001426
0.001063
-0.003189
-0.002040
0.004566
0.000292
-0.010103
0.002845
-0.001715
0.000157
-0.001249
-0.000937
-0.001823
0.003278
-0.000891
-0.001961
0.005020
0.003497
-0.002076
0.004222
-0.000924
-0.006102
0.002029
-0.000754
0.002265
-0.002646
0.000142
-0.007304
0.004213
0.004959
0.001488
-0.001355
-0.004729
-0.003769
0.002941
-0.000494
0.003097
-0.002879
-0.002256
-0.000078
-0.004774
-0.005534
-0.008545
-0.010396
-0.002133
0.006039
-0.006377
0.001002
-0.004567
0.006930
0.001210
0.002420
-0.003199
-0.007493
-0.009204
0.006509
0.000388
0.004243
-0.000421
-0.000589
-0.009134
0.004067
-0.004075
0.001706
