0.002181 -0.005489 -0.006551 -0.006709 0.006245 -0.011249 0.011782 -0.007257 -0.004958 0.000461
0.000766 -0.007650 -0.001246 -0.002095 0.004910 -0.003385 0.001826 -0.001946 -0.000166 0.001002
0.000846 0.001515 0.002631 -0.004197 0.002719 -0.004651 0.003029 0.001821 0.000023 -0.000126
0.000916 -0.004064 -0.002810 0.002924 0.005901 0.001407 -0.003639 -0.002121 -0.000055 -0.000780
-0.000440 0.008698 0.000649 -0.003219 -0.006107 -0.006941 -0.008891 0.009011 0.002581 -0.000823
-0.002827 -0.005481 0.001551 0.000633 0.004382 -0.000796 0.007174 -0.005839 0.001614 0.000036
0.001325 -0.005223 -0.001261 -0.001661 0.001408 -0.003778 0.001597 -0.001336 -0.001924 0.002825
0.001754 -0.002181 -0.000042 0.001013 0.004613 -0.002225 0.004408 -0.001121 0.001770 0.001618
-0.003954 0.012423 0.013083 0.009133 -0.015422 0.019299 -0.019133 0.014068 0.008015 -0.001717
-0.006756 0.013937 0.004175 0.002942 -0.004625 0.001658 0.000307 -0.001124 -0.002429 -0.006435
-0.000739 0.000564 -0.009198 0.009571 -0.005395 0.008005 -0.010629 -0.003336 0.001222 0.000869
-0.003713 0.009365 0.004047 -0.001740 -0.008884 -0.002136 0.004412 0.003072 0.001888 0.001640
0.003897 -0.021157 -0.003383 0.001716 0.017365 0.003943 0.017368 -0.017338 -0.005523 0.000061
0.002427 0.000600 -0.004554 -0.002424 0.003783 -0.003999 -0.010202 0.004396 -0.005681 -0.002292
-0.000963 0.010210 0.002251 0.004913 -0.001296 0.002926 -0.005514 0.005881 0.005331 -0.004146
-0.002287 0.006059 -0.002532 -0.000028 -0.006994 -0.000072 -0.010649 0.002808 -0.006600 -0.000808
-0.002608 0.005854 0.008716 0.004477 -0.006653 0.009573 -0.010023 0.008678 0.004702 -0.001272
-0.003543 0.005343 0.003225 0.000602 -0.000899 -0.000586 0.000102 0.000276 -0.001654 -0.004237
-0.000852 0.000105 -0.006177 0.006523 -0.003513 0.006850 -0.006234 -0.004424 -0.000930 0.000895
-0.001209 0.004405 0.000932 -0.000780 -0.004159 -0.001914 0.001289 0.001792 0.000061 0.000901
0.001628 -0.009646 -0.000727 0.001554 0.009376 0.001446 0.008614 -0.007842 -0.000753 0.000440
0.001441 0.000500 -0.001041 -0.001473 0.001033 -0.002618 -0.005078 0.003345 -0.000571 -0.000489
0.000412 0.004406 0.000910 0.001916 -0.000101 0.001025 -0.002151 0.002854 0.002500 -0.002289
-0.001226 0.002810 -0.000783 0.000178 -0.003191 -0.000101 -0.005197 0.001555 -0.002357 -0.000641
0.000171 0.001245 0.000571 -0.002342 -0.001837 -0.000116 0.001966 0.000339 -0.000625 -0.000886
-0.001741 -0.000041 0.001254 -0.000410 0.001528 -0.001360 0.000745 -0.000963 -0.001490 -0.001552
0.000304 0.000706 -0.001864 0.000717 0.000038 0.000815 -0.001656 -0.000779 -0.000418 0.000191
-0.000303 0.000731 -0.000967 0.001665 0.000423 -0.000128 -0.001403 -0.000117 0.000249 0.000024
0.001069 -0.001303 -0.001189 -0.001059 0.002399 -0.003610 -0.000630 0.000310 -0.000124 -0.000255
-0.001002 -0.003903 -0.000791 -0.000471 0.004944 -0.002429 0.001371 -0.002709 -0.000602 -0.000890
0.001050 0.000773 -0.000009 0.000703 0.001184 -0.002058 -0.000967 0.001839 0.000945 0.000487
0.000427 0.002207 -0.001310 0.001009 -0.000205 -0.002064 -0.002117 0.001084 -0.001379 0.001060
0.004257 -0.012082 -0.013417 -0.010475 0.015941 -0.021238 0.021280 -0.014518 -0.008662 0.001695
0.006654 -0.015771 -0.003642 -0.003664 0.006292 -0.002854 -0.000234 0.001171 0.002388 0.006132
0.000983 -0.000440 0.008607 -0.010072 0.006232 -0.008810 0.009978 0.003159 -0.001290 -0.001093
0.004051 -0.010180 -0.005311 0.003199 0.010185 0.002409 -0.006074 -0.003599 -0.001999 -0.001873
-0.003141 0.022196 0.003183 -0.002968 -0.017008 -0.007543 -0.018895 0.019325 0.006483 -0.000204
-0.003493 -0.003779 0.004895 0.002183 -0.000701 0.002329 0.012438 -0.006529 0.006574 0.001895
0.001560 -0.010824 -0.002503 -0.005072 0.001781 -0.004167 0.005350 -0.005298 -0.005742 0.005112
0.002838 -0.006559 0.001548 0.000670 0.008561 -0.001101 0.010809 -0.003042 0.006001 0.001801
0.000788 -0.001468 -0.001702 -0.001856 0.003048 -0.002637 0.003773 -0.002039 -0.000947 0.000016
0.002537 -0.002794 -0.000308 -0.000358 0.000108 0.000610 -0.001709 0.002259 0.000951 0.002102
-0.000194 -0.001896 0.001164 -0.000839 0.001164 0.001085 0.001963 -0.001286 -0.001705 -0.000246
0.002437 -0.002742 -0.002092 0.000421 0.001261 -0.000146 -0.002205 -0.000029 -0.001850 -0.000781
-0.001119 0.006946 0.001411 0.000560 -0.004713 -0.000698 -0.004739 0.005410 0.002242 0.000781
0.000170 0.001624 0.001362 0.000590 -0.003438 0.001382 0.002398 0.000088 0.003342 0.000752
0.000197 -0.001105 -0.000349 -0.001682 0.000564 -0.000054 0.001606 -0.001074 -0.001660 0.000970
0.000148 -0.001327 0.000058 0.000031 0.001346 -0.000359 0.001224 -0.000393 0.000868 0.000384
0.005334 -0.014673 -0.016761 -0.011987 0.019920 -0.026071 0.025655 -0.018033 -0.010353 0.002531
0.008349 -0.019259 -0.004820 -0.004195 0.007379 -0.003293 -0.000317 0.001433 0.003684 0.008004
0.001024 -0.001007 0.010742 -0.012337 0.007759 -0.011254 0.012023 0.003938 -0.001009 -0.001667
0.004955 -0.012543 -0.006670 0.004211 0.012822 0.002932 -0.007746 -0.004384 -0.002410 -0.002396
-0.003857 0.027144 0.004167 -0.003788 -0.021012 -0.009431 -0.022828 0.023547 0.008156 -0.000336
-0.004061 -0.004088 0.005958 0.002825 -0.001683 0.003463 0.015265 -0.007815 0.008127 0.002303
0.001470 -0.013275 -0.002955 -0.006432 0.001703 -0.004671 0.006717 -0.006802 -0.007420 0.006371
0.003405 -0.008838 0.001478 0.000927 0.011086 -0.001185 0.013467 -0.004146 0.007168 0.002503
-0.001590 0.004493 0.004855 0.002703 -0.006632 0.007040 -0.006901 0.005260 0.002587 -0.000941
-0.003313 0.005569 0.001499 0.000996 -0.001316 0.000124 0.000826 -0.001484 -0.001740 -0.003278
0.000069 0.001444 -0.003654 0.003750 -0.002401 0.003182 -0.003983 -0.000567 0.000369 0.000931
-0.001503 0.003488 0.001976 -0.001144 -0.003582 -0.000438 0.002236 0.001020 0.000800 0.000658
0.001498 -0.008203 -0.001370 0.000263 0.006659 0.001584 0.006415 -0.006431 -0.002711 -0.000162
0.000618 -0.000093 -0.001967 -0.001014 0.002038 -0.001840 -0.003992 0.001301 -0.002842 -0.000959
-0.000202 0.003665 0.000686 0.002274 -0.000236 0.000781 -0.002416 0.002336 0.002468 -0.001708
-0.000903 0.002497 -0.000308 -0.000346 -0.002791 -0.000496 -0.003836 0.001160 -0.002441 -0.000811
0.000293 -0.000878 -0.000959 -0.001532 0.000267 -0.001570 0.002018 -0.001128 -0.000948 -0.000161
-0.000494 -0.000798 -0.000049 -0.000353 0.000957 -0.000801 0.000738 -0.000905 -0.000588 -0.000406
0.000259 0.000844 0.000018 -0.000235 0.000109 -0.000233 0.000196 0.000387 -0.000105 0.000345
0.000091 -0.000431 -0.000299 0.000367 0.000727 0.000336 -0.000419 -0.000296 0.000077 -0.000095
-0.000016 0.001077 0.000048 -0.000727 -0.000719 -0.001203 -0.001396 0.001417 0.000006 -0.000215
-0.000498 -0.000975 -0.000062 0.000060 0.001010 -0.000254 0.001035 -0.001196 -0.000167 -0.000112
0.000282 -0.000714 -0.000194 -0.000002 0.000366 -0.000815 0.000007 0.000021 0.000042 0.000276
0.000198 -0.000114 0.000232 0.000098 0.000710 -0.000945 0.000470 0.000047 0.000215 0.000127
-0.003245 0.005765 0.008542 0.009968 -0.007889 0.014875 -0.017196 0.009564 0.006583 -0.000334
-0.002115 0.010838 0.000948 0.002859 -0.006495 0.003956 -0.000764 0.000762 -0.000187 -0.002038
-0.001238 -0.000446 -0.002589 0.005244 -0.004642 0.005005 -0.003354 -0.001350 0.001014 0.000411
-0.002927 0.006764 0.005395 -0.004903 -0.008040 -0.001900 0.006971 0.002721 0.001190 0.001726
-0.000107 -0.015077 -0.001047 0.004874 0.009793 0.011664 0.014070 -0.015397 -0.004298 0.000452
0.004212 0.008362 -0.002472 -0.000664 -0.006178 0.001879 -0.011956 0.009034 -0.004265 0.000297
-0.001806 0.005912 0.001633 0.002829 -0.002283 0.005146 -0.002078 0.000958 0.003473 -0.004717
-0.002482 0.003601 0.001330 -0.001580 -0.007159 0.004192 -0.005186 0.001732 -0.000651 -0.003188
