0.078837 -0.086271 -0.052978 -0.072988 0.001252 0.075765 -0.086913 0.037358 0.037586 -0.003520
0.060258 -0.009796 -0.005350 -0.023789 0.022271 0.067579 -0.002530 -0.026855 0.018392 -0.004918
-0.093419 -0.066210 -0.193663 0.119704 0.068693 -0.107624 -0.114116 0.014199 0.002628 -0.158177
-0.097023 -0.075777 0.016170 0.043429 0.037661 0.016928 0.008934 -0.109381 0.009171 0.018693
0.030078 0.006622 -0.005076 -0.041874 0.025969 0.013054 -0.050650 -0.001511 0.002781 0.053707
0.011155 0.005503 -0.032940 -0.033906 0.010079 -0.034084 -0.012883 -0.025792 -0.010382 -0.042146
-0.020851 -0.004122 0.048653 -0.049454 0.018199 -0.009181 0.048711 -0.015019 -0.012462 0.008253
0.039098 -0.055206 -0.010274 -0.038148 -0.050448 -0.000107 -0.017498 0.030502 -0.059872 0.037801
-0.052181 0.115425 0.096797 -0.058537 -0.067492 0.007529 0.041096 -0.009156 0.027394 -0.013659
-0.038946 -0.013895 -0.023757 0.089374 -0.006507 0.036931 -0.055862 -0.012482 0.014895 0.043133
-0.033590 -0.032822 0.047346 0.047113 0.022898 0.025645 -0.030234 0.007924 0.006680 0.018186
0.034736 -0.037945 -0.055910 -0.056375 0.034486 -0.006888 -0.015004 0.003056 -0.031352 -0.025952
