0.020238 -0.001848 -0.020217 0.003310 0.022465 -0.029857 -0.006837 -0.000056 -0.034465 0.000860
-0.003522 0.000340 0.003617 -0.000034 -0.005033 0.006134 0.001845 0.000521 0.007160 -0.000603
-0.008065 0.000695 0.011349 -0.001675 -0.010905 0.016240 0.004534 0.000423 0.018560 -0.000405
-0.002514 0.000259 -0.001382 0.001382 -0.000181 -0.001023 -0.000844 -0.000971 -0.000995 -0.000305
-0.030302 0.002037 0.034906 -0.007100 -0.035518 0.050013 0.012751 0.001034 0.056348 -0.001119
0.027430 -0.002442 -0.025442 0.002604 0.031335 -0.039324 -0.009456 -0.000639 -0.046466 0.001982
0.047998 -0.004148 -0.046253 0.006298 0.052105 -0.069301 -0.016409 0.000201 -0.079063 0.002546
-0.042266 0.004159 0.037357 -0.003387 -0.047811 0.059261 0.014240 0.001085 0.068415 -0.003580
-0.054604 0.005851 0.044038 -0.000968 -0.060130 0.072415 0.017202 0.000595 0.084291 -0.005432
-0.014152 0.001827 0.010949 0.000407 -0.016118 0.018740 0.004573 0.000273 0.021921 -0.001591
-0.015563 0.002214 0.010452 0.001624 -0.016876 0.018714 0.004383 -0.000075 0.022318 -0.001934
0.012512 -0.001055 -0.014075 0.002165 0.014624 -0.020323 -0.005050 -0.000118 -0.023600 0.000467
-0.033147 0.002725 0.033842 -0.005158 -0.037647 0.050435 0.012349 0.000624 0.057585 -0.001889
-0.020097 0.002226 0.017417 -0.001098 -0.021951 0.027419 0.006668 0.000128 0.031307 -0.001608
0.040271 -0.003327 -0.040489 0.006083 0.045476 -0.060318 -0.014591 -0.000624 -0.069401 0.002152
0.006431 -0.000475 -0.004469 0.000489 0.007329 -0.007953 -0.002159 -0.000740 -0.008551 0.000910
0.013127 -0.001588 -0.008604 -0.001024 0.015156 -0.016055 -0.003893 -0.000703 -0.019399 0.001995
0.004160 -0.000205 -0.004496 0.000522 0.004471 -0.006409 -0.001575 0.000101 -0.007600 0.000209
-0.010707 0.000264 0.012764 -0.003484 -0.010885 0.017182 0.003958 -0.000295 0.018933 0.000014
-0.009540 0.000586 0.010394 -0.001127 -0.011430 0.015522 0.004031 0.000343 0.018368 -0.000789
0.024631 -0.002375 -0.023245 0.002176 0.029152 -0.036139 -0.009562 -0.001355 -0.041563 0.002065
-0.017695 0.001906 0.008741 0.002509 -0.015601 0.016922 0.003230 -0.001266 0.019819 -0.002283
-0.037678 0.004125 0.027964 0.000120 -0.039500 0.046400 0.010562 -0.000257 0.054231 -0.003586
0.026720 -0.002760 -0.021263 0.001405 0.028646 -0.034146 -0.007832 -0.000207 -0.039564 0.002123
-0.045096 0.004395 0.033476 -0.000018 -0.047760 0.055970 0.013190 0.000227 0.065059 -0.004604
-0.036511 0.003642 0.026495 0.000184 -0.038167 0.044616 0.010244 -0.000048 0.052008 -0.003790
0.006901 -0.000152 -0.011607 0.004881 0.008209 -0.014350 -0.003307 -0.000094 -0.015464 -0.000924
-0.001649 0.000399 0.003943 -0.000627 -0.003111 0.005326 0.001594 0.000150 0.005925 0.000046
0.013666 -0.001609 -0.009249 -0.000336 0.013911 -0.016036 -0.003412 0.000282 -0.018581 0.001417
-0.009137 0.001396 0.008197 -0.000241 -0.009240 0.012861 0.002782 -0.000693 0.014271 -0.000669
0.005414 -0.000704 -0.009570 0.002355 0.008769 -0.012932 -0.003562 -0.000767 -0.015179 -0.000150
-0.007647 0.000983 0.004266 0.000884 -0.009583 0.008963 0.002275 0.000948 0.011045 -0.001455
0.010290 -0.000507 -0.015629 0.004664 0.012018 -0.019997 -0.004926 0.000055 -0.022391 -0.000630
0.001633 0.000280 -0.006847 0.003204 0.002540 -0.007402 -0.001941 0.000048 -0.007661 -0.000843
0.014342 -0.001233 -0.013971 0.001722 0.016158 -0.021123 -0.005266 -0.000315 -0.024113 0.000980
0.015876 -0.001404 -0.017133 0.003098 0.018965 -0.025224 -0.006231 -0.000663 -0.029195 0.000736
0.017735 -0.001814 -0.016453 0.001577 0.019844 -0.025361 -0.006157 -0.000191 -0.029132 0.001235
0.014569 -0.001632 -0.014313 0.001698 0.018015 -0.022409 -0.005460 -0.000740 -0.026326 0.001058
0.019211 -0.001415 -0.023353 0.004293 0.022356 -0.032641 -0.008255 -0.000033 -0.037324 0.000298
-0.006500 0.000570 0.007979 -0.001250 -0.009256 0.012203 0.003369 0.000856 0.014184 -0.000632
0.003594 -0.000322 -0.005524 0.001713 0.004142 -0.007237 -0.001570 0.000178 -0.008032 -0.000209
-0.005181 0.000310 0.003965 -0.000390 -0.005157 0.006354 0.001362 -0.000090 0.007233 -0.000398
-0.010894 0.000522 0.015420 -0.003654 -0.013465 0.020977 0.005706 0.000584 0.023172 -0.000246
0.028480 -0.002262 -0.031829 0.006221 0.031599 -0.045154 -0.010815 0.000280 -0.050915 0.000477
-0.003144 -0.000469 0.011192 -0.005652 -0.004890 0.011877 0.003126 0.000273 0.012779 0.001567
0.016797 -0.001972 -0.009070 -0.002420 0.017552 -0.017788 -0.004282 -0.000230 -0.021326 0.002536
0.004143 -0.000821 -0.000941 -0.002157 0.006050 -0.004244 -0.001438 -0.000978 -0.005999 0.001542
0.004201 -0.000183 -0.004884 0.001415 0.003007 -0.006003 -0.000957 0.000981 -0.006440 -0.000465
-0.039222 0.003206 0.037418 -0.005077 -0.043068 0.056388 0.013404 0.000277 0.064875 -0.002323
0.003350 -0.000624 -0.002125 -0.000044 0.004084 -0.004315 -0.000929 -0.000301 -0.004761 0.000599
0.006400 -0.000571 -0.004427 -0.000092 0.007957 -0.008398 -0.002220 -0.000903 -0.009760 0.001260
-0.007847 0.000492 0.011159 -0.003560 -0.010746 0.015489 0.004034 0.001023 0.017209 -0.000085
-0.001141 -0.000042 -0.003315 0.001714 0.000031 -0.002762 -0.000854 0.000099 -0.003132 -0.000942
-0.048106 0.004796 0.040127 -0.002451 -0.053060 0.064412 0.015360 0.000795 0.074767 -0.004210
-0.006241 0.000671 0.005875 -0.000383 -0.007387 0.009200 0.002460 0.000281 0.010492 -0.000536
-0.008169 0.000190 0.010209 -0.002340 -0.008713 0.013569 0.003422 -0.000150 0.015354 0.000053
-0.020045 0.002617 0.007352 0.003851 -0.019388 0.017004 0.003628 -0.000072 0.020609 -0.003037
-0.007489 0.001138 0.000413 0.002477 -0.006460 0.004000 0.000463 -0.000230 0.005231 -0.001472
0.016467 -0.001115 -0.014008 0.001697 0.017412 -0.021802 -0.005259 -0.000176 -0.024677 0.001153
0.010832 -0.000952 -0.012960 0.003298 0.012990 -0.018558 -0.004284 -0.000277 -0.020945 0.000161
0.039363 -0.004373 -0.028820 -0.000455 0.042209 -0.049060 -0.011526 -0.000284 -0.056668 0.004245
0.035154 -0.003496 -0.029506 0.001821 0.039640 -0.047896 -0.011548 -0.001059 -0.055658 0.003439
-0.008905 0.000463 0.009468 -0.001983 -0.008960 0.013288 0.003119 -0.000309 0.014631 -0.000174
-0.002275 0.000425 0.002312 0.000498 -0.003631 0.003861 0.001205 0.000383 0.005224 -0.000390
0.013752 -0.000467 -0.018476 0.004558 0.016283 -0.025111 -0.006357 -0.000323 -0.028538 0.000108
0.005432 0.000152 -0.013160 0.004464 0.008171 -0.016065 -0.004435 -0.000370 -0.017912 -0.000708
0.008961 -0.000528 -0.016334 0.004317 0.013337 -0.021438 -0.005961 -0.000870 -0.024669 -0.000344
-0.016692 0.002366 0.009535 0.003099 -0.017308 0.018245 0.004321 -0.000333 0.022050 -0.002409
0.027840 -0.002535 -0.031759 0.004797 0.032920 -0.045852 -0.011752 -0.000627 -0.052650 0.001274
0.015269 -0.000858 -0.019220 0.004244 0.017038 -0.026088 -0.006285 0.000348 -0.029851 -0.000124
-0.008975 0.000700 0.008684 -0.001646 -0.009825 0.012922 0.002996 0.000087 0.014669 -0.000357
-0.020321 0.001840 0.021002 -0.002655 -0.024104 0.031745 0.007981 0.000725 0.036714 -0.001442
-0.011454 0.001354 0.007734 0.000624 -0.011750 0.013666 0.002994 -0.000292 0.015839 -0.001313
-0.007593 0.000688 0.006287 -0.000181 -0.008063 0.010227 0.002373 -0.000105 0.011747 -0.000753
0.010303 -0.001047 -0.008326 0.000700 0.011058 -0.013119 -0.003083 -0.000155 -0.015242 0.000731
0.018680 -0.001634 -0.018045 0.002674 0.021060 -0.027441 -0.006510 -0.000369 -0.031358 0.001177
-0.009021 0.000422 0.014119 -0.003697 -0.012882 0.019460 0.005412 0.001068 0.021970 -0.000145
-0.013026 0.001016 0.012299 -0.001921 -0.013648 0.018437 0.004424 -0.000081 0.020257 -0.000710
0.016365 -0.001783 -0.010714 -0.000192 0.017267 -0.018873 -0.004204 -0.000262 -0.022078 0.001800
0.004486 -0.000069 -0.005399 0.000976 0.004659 -0.007152 -0.001885 0.000176 -0.008302 -0.000048
