0.003023 -0.001706 0.016640 0.020778 -0.047423 0.000589 0.022602 0.007361 0.002168 -0.023107
0.031352 -0.071692 -0.021732 0.010597 -0.013098 0.045258 -0.004030 0.010553 -0.008234 -0.029724
-0.050273 0.012145 -0.013588 -0.034023 -0.030220 0.053758 -0.022350 -0.020150 0.024664 -0.042729
-0.004433 -0.011918 -0.046058 0.001577 -0.036838 0.023560 0.002012 0.010379 -0.015293 -0.006600
0.004211 -0.027741 -0.018041 0.010971 -0.059739 0.001955 0.000390 -0.006493 -0.019037 0.004549
0.011013 0.005134 -0.005874 0.004317 0.009189 -0.020089 -0.002154 -0.002938 -0.023773 0.002997
-0.011419 0.005243 -0.024901 -0.017502 -0.023953 0.028996 -0.010966 -0.014760 0.020457 -0.016164
0.002235 -0.019469 -0.009528 -0.001930 -0.028306 0.011427 0.004330 -0.003669 -0.001226 -0.005500
0.019604 -0.026050 0.019676 0.014501 0.025761 -0.009505 -0.000557 0.016695 -0.020626 0.021259
0.002091 -0.026377 -0.007789 0.003597 -0.016255 0.004527 0.003851 0.009819 -0.010434 -0.001820
-0.015792 -0.000866 -0.021918 -0.000760 -0.039355 0.006953 0.010774 0.016525 -0.007131 0.000627
0.003893 -0.007124 0.023570 0.006822 0.012230 -0.001642 0.011456 -0.011257 -0.007591 -0.007778
-0.015516 0.025766 0.012809 -0.021687 0.027069 0.007555 -0.000309 0.005198 0.016960 -0.005505
-0.006072 0.046278 -0.005294 -0.020234 0.015236 -0.009668 -0.016146 -0.010651 0.033731 0.003268
-0.019429 0.013617 -0.012404 0.004671 -0.002683 0.005815 -0.010644 -0.007576 -0.005524 -0.007588
-0.020213 0.003162 -0.028700 -0.003838 -0.006932 0.007379 -0.002131 -0.003583 -0.006553 0.006316
0.010678 -0.002986 0.000319 0.004537 -0.033304 0.001444 0.016611 0.022452 0.003516 0.008498
0.000325 -0.028097 -0.022583 0.000174 -0.026144 0.009874 -0.000840 0.007891 0.006881 -0.029922
0.008510 -0.000104 -0.003746 0.003165 0.002022 0.004022 0.017980 -0.011177 -0.011223 -0.017790
-0.003515 -0.003090 -0.000567 -0.003321 0.007022 -0.012752 -0.002492 0.008913 0.011910 -0.000219
-0.029172 0.005442 0.034489 -0.011278 0.013023 -0.009729 -0.030881 0.006782 0.022161 0.022195
0.001279 0.008298 -0.014020 -0.008303 -0.007324 -0.011297 -0.000621 0.003602 0.000691 0.002454
0.016912 0.007784 -0.011743 0.016175 -0.020468 0.025319 0.016495 0.000103 -0.016807 -0.030854
0.013572 -0.014668 0.026325 0.018057 -0.026850 -0.018897 0.003192 0.011124 -0.013113 0.004024
-0.016034 0.022674 -0.012772 -0.013991 -0.020343 0.007668 -0.004198 -0.022297 0.014668 -0.017347
-0.010635 0.024263 -0.003821 -0.002326 0.000334 -0.009147 0.001529 -0.006575 -0.001876 0.005273
-0.003400 0.011133 -0.005440 -0.015671 0.027308 0.004245 -0.002073 -0.015317 0.012168 -0.003164
-0.003068 -0.039462 -0.034776 0.006675 -0.020026 0.029690 0.001868 0.017688 -0.011558 -0.015270
0.013109 -0.016774 -0.021590 0.006153 -0.016145 -0.005807 -0.003559 -0.014761 -0.013131 0.014330
0.011234 -0.029170 0.009707 0.012168 0.002896 0.015423 0.009569 -0.004495 -0.033348 -0.005210
0.002640 -0.001406 -0.015861 -0.022264 -0.011786 0.008652 -0.006129 -0.008403 0.015564 0.002628
0.016137 -0.013581 0.017348 0.000444 0.015444 0.003768 0.003571 0.004961 0.004460 -0.006215
0.007319 -0.012148 0.014689 0.006876 0.006322 0.000628 0.010543 -0.004857 0.014491 -0.030479
-0.003997 0.011433 0.020274 -0.010883 0.041019 0.001411 -0.001861 -0.017540 -0.003819 0.016787
0.009403 -0.027328 0.056331 0.026345 -0.008219 -0.004390 -0.017712 0.004379 -0.006455 -0.008451
0.008697 0.042757 0.031608 -0.001818 -0.005151 -0.035646 -0.007741 -0.006402 0.013020 0.022371
0.003108 -0.011713 -0.020716 0.012060 0.000875 0.019951 0.010414 0.009608 -0.031236 -0.012367
-0.018757 0.020728 -0.008836 -0.013875 0.008400 0.021009 -0.008694 0.003013 0.021238 0.024891
0.001045 -0.002925 0.052650 0.007127 0.028914 -0.032639 0.007903 0.000183 -0.000576 0.007378
0.005613 0.006982 -0.014377 -0.013096 0.020661 0.011571 -0.002422 0.009933 -0.000758 0.007573
-0.016448 0.007156 -0.021650 -0.021161 0.035576 0.007869 -0.018084 -0.013965 0.008355 -0.001094
-0.024750 0.071059 0.028031 -0.011218 0.037617 -0.031705 -0.000367 -0.017446 0.005111 0.033492
0.021770 -0.005479 0.025594 0.023599 0.021190 -0.035473 -0.005120 0.012691 -0.002586 0.030560
0.000952 0.033164 0.020785 -0.007163 0.023108 -0.021264 -0.008310 -0.008466 0.005655 0.025277
0.005611 -0.001488 -0.015134 0.008211 0.019987 0.012843 0.012122 0.002978 -0.010210 -0.016581
-0.006451 -0.018207 0.004754 0.005087 -0.015312 0.017689 0.010048 0.007539 0.006972 0.006834
0.005523 -0.015256 0.060436 -0.000578 0.030549 -0.049124 0.003923 0.013329 0.011812 0.032821
0.002736 0.016699 -0.006843 -0.006932 0.020754 0.002719 0.002085 0.002349 0.001046 -0.004701
0.027051 -0.002720 0.033075 0.010765 -0.007101 -0.009430 0.006426 -0.012863 0.003695 -0.013189
0.004961 -0.023387 -0.012263 0.002883 -0.019960 -0.003354 0.007010 0.006429 0.002623 -0.006757
0.020638 -0.006235 0.016254 0.003708 -0.008646 -0.000932 0.006387 0.001191 -0.007970 -0.007827
0.010565 0.008337 0.021710 0.003862 -0.006572 -0.016161 -0.001944 -0.004427 0.011712 -0.006016
0.006850 0.003418 0.022258 0.002668 0.004739 -0.008902 0.003094 0.004236 -0.000843 0.001081
-0.014303 0.032187 0.003141 -0.009043 0.021266 0.000742 -0.014331 -0.010228 0.017227 0.001132
-0.012550 0.015376 -0.020946 0.012750 0.011274 0.020084 0.003515 0.002222 -0.017985 -0.020534
-0.006715 0.006187 -0.004589 -0.003400 0.003547 -0.001433 -0.010250 -0.001227 0.010809 0.017433
-0.014545 0.018333 -0.021926 -0.012902 -0.022969 0.013128 0.006537 0.014645 0.012260 0.005765
-0.013138 0.013187 -0.019751 -0.009093 -0.008964 0.000379 -0.003487 0.001350 0.009960 -0.012151
0.029567 -0.006452 0.012481 0.019791 0.023291 -0.018970 0.011306 -0.013674 -0.016898 -0.002723
-0.014913 0.025831 -0.001894 -0.015053 0.018267 -0.027098 -0.010640 0.005849 0.023258 0.021876
-0.030295 0.003648 0.033972 -0.002497 0.011998 -0.009360 -0.029304 0.009402 0.024929 0.013533
-0.001676 -0.014777 -0.012385 -0.002457 -0.024226 0.001640 0.006961 0.010370 -0.003166 0.002475
0.029977 -0.009072 0.018923 0.022109 0.002825 -0.006840 0.022888 0.012005 -0.020518 -0.004486
0.014592 0.002622 0.030745 0.014959 -0.009467 -0.022292 0.003966 0.010420 -0.008185 -0.001383
0.025314 -0.017440 0.034707 0.015356 0.008720 -0.012919 0.002778 -0.014372 -0.003906 -0.014892
0.005285 -0.019060 0.003445 0.004583 -0.000410 -0.000424 0.006765 -0.000588 -0.008777 0.005355
-0.005157 -0.008324 0.013739 -0.005143 -0.015305 0.009377 -0.001999 0.006634 0.002609 -0.006321
0.018847 -0.019484 0.013089 0.013775 -0.021539 0.007717 0.006270 -0.002297 -0.008710 -0.017927
0.025503 0.000528 -0.013424 0.002347 0.004862 -0.000172 0.017957 -0.004321 -0.021782 -0.001725
-0.013476 0.034792 0.007391 -0.008691 0.032424 0.010608 -0.013273 -0.015135 0.010918 0.003798
-0.017580 0.013945 -0.022363 -0.006182 0.006531 0.007254 -0.013229 -0.008655 -0.000678 -0.003850
-0.009952 0.002314 -0.017711 -0.014512 0.018870 0.016899 -0.008552 -0.004210 0.015638 0.007137
0.021185 -0.003993 0.023065 0.016693 0.011394 -0.016815 -0.006023 -0.017176 -0.012438 -0.003540
0.033746 -0.038968 0.014350 0.017516 -0.008453 0.007962 0.002260 0.012845 0.011285 -0.005405
-0.003511 0.009613 -0.005771 -0.016852 -0.021682 0.012910 -0.018852 0.011575 0.015551 0.006397
0.013874 0.031411 0.012257 -0.002078 -0.007460 -0.002839 -0.005418 -0.020185 0.002290 -0.003675
0.040870 -0.011206 0.002899 0.023600 -0.037791 -0.007504 0.039470 0.000687 -0.017637 -0.027538
-0.010948 0.009732 0.020191 0.013237 0.019934 -0.009080 -0.004434 -0.006301 0.005995 -0.013553
-0.033872 0.003385 0.000695 -0.004821 0.030786 0.003553 -0.011160 0.008194 0.012647 0.004315
-0.019800 0.023127 -0.034805 -0.020885 0.000188 0.014064 -0.011594 -0.018470 0.025683 0.012473
