-0.002725 0.009941 -0.001818 0.002124 -0.006213 -0.010479 -0.022110 -0.008553 0.004278 0.004397
0.014149 -0.009888 -0.011160 0.010047 0.003985 0.005834 -0.010493 0.006411 -0.003942 -0.007510
0.003359 0.011420 -0.006942 0.011503 0.002267 -0.003490 0.013279 0.010146 0.009344 -0.014626
0.001293 0.022798 0.020899 0.001662 0.016288 0.000806 0.003025 0.003992 -0.010400 0.019277
0.009478 0.014869 -0.009403 0.010089 -0.009423 0.000651 0.006915 0.007263 0.000494 -0.006579
0.004672 -0.021190 0.005117 -0.000538 0.011062 0.002797 -0.015847 -0.010426 -0.018405 0.004856
0.022174 -0.018714 -0.001637 -0.001466 -0.002314 0.006078 -0.004596 0.003745 -0.007235 0.006464
0.001454 0.002108 -0.011998 0.010044 -0.005425 -0.006195 -0.016620 0.018228 0.003844 0.000271
-0.009190 0.018216 -0.004498 0.004408 -0.008729 -0.020128 -0.041702 -0.015871 0.002266 0.007936
0.031666 -0.018661 -0.017062 0.015737 0.010928 0.009518 -0.022705 0.009862 -0.008388 -0.014086
0.009062 0.023590 -0.013037 0.025580 0.001059 -0.004803 0.026306 0.018924 0.018749 -0.031128
0.002316 0.039861 0.039620 0.000712 0.033547 -0.002612 0.007227 0.011394 -0.021421 0.035891
0.017012 0.030020 -0.017059 0.021384 -0.020144 0.002919 0.016923 0.016729 0.000642 -0.015019
0.009914 -0.046484 0.012247 0.001150 0.017978 0.005447 -0.034700 -0.019029 -0.033677 0.011712
0.040087 -0.039268 -0.002970 -0.001858 -0.002609 0.014093 -0.008667 0.004668 -0.016751 0.013892
0.001192 0.002698 -0.021808 0.015997 -0.004442 -0.009259 -0.033682 0.029332 0.007738 -0.003612
-0.010398 0.019820 -0.005155 0.005219 -0.010040 -0.021956 -0.047399 -0.017798 0.002736 0.009202
0.035404 -0.020795 -0.019332 0.016857 0.013784 0.010308 -0.025542 0.011515 -0.009775 -0.015636
0.010453 0.026587 -0.014747 0.029096 0.001209 -0.005420 0.029978 0.021473 0.021367 -0.035009
0.002943 0.045082 0.044774 0.001269 0.036612 -0.002177 0.007907 0.012701 -0.024494 0.040344
0.018846 0.033224 -0.019518 0.023408 -0.022175 0.003159 0.019133 0.019143 0.000148 -0.017159
0.011237 -0.051581 0.014114 0.000782 0.020512 0.006095 -0.039974 -0.021580 -0.038526 0.013433
0.045631 -0.044230 -0.003105 -0.002670 -0.003516 0.016315 -0.009539 0.004700 -0.018477 0.015932
0.001912 0.002138 -0.024264 0.017571 -0.004278 -0.011364 -0.037705 0.033563 0.008976 -0.004342
0.006024 -0.010177 0.002544 -0.002469 0.005062 0.011497 0.023986 0.009411 -0.001529 -0.004617
-0.019032 0.010763 0.010408 -0.009315 -0.006637 -0.005559 0.012974 -0.005794 0.005025 0.007535
-0.005891 -0.013006 0.007721 -0.015194 0.000184 0.002191 -0.015104 -0.011409 -0.010702 0.017534
-0.001518 -0.022822 -0.022469 -0.000491 -0.018637 0.001445 -0.004301 -0.006718 0.012570 -0.020374
-0.009650 -0.016542 0.009925 -0.012172 0.010817 -0.001446 -0.009533 -0.010235 -0.000011 0.008899
-0.005627 0.027001 -0.006858 -0.000830 -0.010266 -0.002963 0.020142 0.010281 0.018977 -0.006680
-0.022324 0.022392 0.001551 0.000947 0.002151 -0.008331 0.004530 -0.002321 0.008614 -0.007735
-0.000551 -0.002157 0.012585 -0.009015 0.001974 0.004842 0.018727 -0.016615 -0.004117 0.002182
-0.007321 0.014814 -0.004352 0.002901 -0.011550 -0.016524 -0.040139 -0.016369 0.008578 0.007734
0.026194 -0.018945 -0.021157 0.017933 0.012888 0.010235 -0.020732 0.012887 -0.008896 -0.012174
0.008650 0.019987 -0.012249 0.023397 0.002181 -0.003714 0.025055 0.020920 0.018023 -0.026281
0.004256 0.040881 0.037892 0.003565 0.024727 0.003131 0.005741 0.007021 -0.020759 0.033858
0.014980 0.024531 -0.018168 0.017328 -0.015784 0.000306 0.013266 0.015986 -0.002423 -0.013020
0.008761 -0.037440 0.010688 -0.001772 0.020422 0.004032 -0.033145 -0.017999 -0.035644 0.009760
0.040844 -0.034308 -0.001947 -0.004426 -0.006018 0.013554 -0.006780 0.003439 -0.011206 0.011957
0.003008 0.001221 -0.021759 0.016065 -0.006634 -0.012216 -0.027996 0.033429 0.007139 -0.002939
0.003551 -0.009564 0.001994 -0.002697 0.006102 0.010276 0.023130 0.008557 -0.003563 -0.004822
-0.015198 0.009725 0.011106 -0.008763 -0.006019 -0.005189 0.010923 -0.006551 0.004476 0.007255
-0.004121 -0.011780 0.007282 -0.012617 -0.001753 0.003269 -0.014003 -0.010402 -0.009893 0.015315
-0.001466 -0.023114 -0.021409 -0.001847 -0.015780 -0.000878 -0.003246 -0.004713 0.011226 -0.019237
-0.009319 -0.014711 0.009808 -0.009905 0.009173 -0.000795 -0.007608 -0.008247 -0.000001 0.007415
-0.004962 0.022108 -0.005754 0.000638 -0.011079 -0.002918 0.017581 0.010540 0.018831 -0.005494
-0.022367 0.019599 0.001384 0.001788 0.002785 -0.006954 0.004426 -0.003074 0.007222 -0.007069
-0.001731 -0.001447 0.011733 -0.009406 0.003757 0.006840 0.017080 -0.018242 -0.004169 0.000297
-0.005787 0.011451 -0.002660 0.002360 -0.006608 -0.013314 -0.027502 -0.011025 0.003000 0.005403
0.020290 -0.013171 -0.012672 0.011753 0.006546 0.006829 -0.014623 0.007153 -0.005346 -0.009285
0.005675 0.014577 -0.008727 0.016119 0.000869 -0.003134 0.017163 0.013366 0.012249 -0.019479
0.001791 0.026932 0.025655 0.000911 0.021079 -0.001001 0.004572 0.006646 -0.013926 0.023642
0.011023 0.019175 -0.011303 0.013647 -0.012727 0.001398 0.010017 0.010398 -0.000011 -0.009426
0.006268 -0.029303 0.007292 0.000340 0.012395 0.003253 -0.021866 -0.012107 -0.022413 0.006954
0.026448 -0.024865 -0.001830 -0.001559 -0.002438 0.008758 -0.005531 0.003050 -0.009960 0.008282
0.001090 0.001630 -0.014852 0.011317 -0.004034 -0.006418 -0.021356 0.020556 0.004614 -0.002103
-0.004531 0.008516 -0.002297 0.002206 -0.006483 -0.009663 -0.023616 -0.009280 0.004165 0.004885
0.015817 -0.010568 -0.011961 0.009281 0.007820 0.005361 -0.011759 0.007219 -0.005158 -0.006969
0.005103 0.011602 -0.007375 0.013691 0.001048 -0.002405 0.014670 0.011803 0.010483 -0.015431
0.002254 0.023534 0.021732 0.002078 0.014457 0.001481 0.003367 0.004652 -0.012143 0.019356
0.008699 0.014193 -0.010369 0.009798 -0.008937 0.000405 0.007843 0.009290 -0.001221 -0.007888
0.005115 -0.022170 0.006229 -0.000921 0.011488 0.002541 -0.019333 -0.010308 -0.020054 0.005818
0.023055 -0.020063 -0.001030 -0.002467 -0.003551 0.007920 -0.003958 0.001889 -0.006560 0.007110
0.001898 0.000511 -0.012158 0.009018 -0.002931 -0.007254 -0.016598 0.018933 0.004130 -0.001564
0.004236 -0.005110 0.001568 -0.001441 0.000868 0.006525 0.011776 0.004219 0.002710 -0.002319
-0.011523 0.005505 0.002630 -0.003117 -0.003630 -0.002014 0.007740 -0.001400 0.002480 0.004450
-0.003419 -0.007815 0.003746 -0.008453 0.000965 0.000990 -0.007969 -0.004906 -0.005717 0.010707
-0.000378 -0.009437 -0.010909 0.001422 -0.012170 0.003389 -0.002738 -0.005346 0.006721 -0.010287
-0.004654 -0.010192 0.004127 -0.007416 0.007500 -0.002014 -0.006519 -0.005412 -0.000484 0.005460
-0.003247 0.016786 -0.004388 -0.001609 -0.003396 -0.001710 0.011270 0.005055 0.008393 -0.004345
-0.010111 0.013233 0.001170 -0.000191 -0.000468 -0.004683 0.002907 -0.000500 0.006899 -0.004691
0.000332 -0.000127 0.005714 -0.003577 -0.001141 0.001221 0.011390 -0.005452 -0.002302 0.002574
-0.000562 -0.001900 0.000153 -0.000639 0.001086 0.001460 0.003269 0.000857 -0.000837 -0.000670
-0.000950 0.000960 0.001443 -0.000994 -0.000238 -0.000653 0.001075 -0.000972 0.000366 0.001321
0.000277 -0.001869 0.000883 -0.001025 -0.001248 0.001155 -0.001762 -0.000805 -0.001259 0.002042
0.000099 -0.003748 -0.003306 -0.000568 -0.002324 -0.000548 -0.000230 -0.000209 0.001096 -0.002727
-0.001608 -0.002284 0.001379 -0.001155 0.001402 -0.000112 -0.000852 -0.000453 -0.000508 0.000548
-0.000635 0.002239 -0.000678 0.000424 -0.001905 -0.000653 0.001747 0.002127 0.002871 -0.000573
-0.003728 0.002385 0.000267 0.000335 0.000024 -0.000522 0.000941 -0.001176 0.001399 -0.001087
-0.000433 -0.000173 0.001555 -0.001675 0.001472 0.001625 0.002630 -0.003207 -0.000843 -0.000738
