-0.004324 -0.000442 0.000967 0.003626 0.001630 -0.000712 -0.001780 -0.002134 0.007951 -0.000966
0.001401 -0.000298 -0.001487 -0.001423 -0.000807 0.000139 0.000737 0.000914 -0.003151 0.000560
-0.002621 -0.000041 -0.004002 0.000718 -0.000825 -0.000371 0.001805 0.000150 -0.000431 0.000938
-0.006229 -0.002329 -0.003874 0.005225 0.000352 -0.003443 -0.001377 -0.001781 0.004378 -0.001409
-0.009729 0.001499 0.001492 0.005410 0.002575 -0.000209 0.003862 -0.001880 0.011331 0.000861
-0.000179 0.000049 0.000358 -0.000100 0.000103 0.000495 0.000106 0.000027 0.000409 0.000184
-0.001331 0.000912 0.001576 -0.000705 0.000469 0.001809 0.003255 0.000886 0.000123 0.001636
-0.004069 -0.001143 -0.004407 0.002273 -0.000313 -0.001412 0.000666 -0.000494 0.001263 0.000302
-0.005622 -0.000210 -0.002283 0.003401 0.000445 -0.001793 0.001684 -0.001161 0.004525 0.000265
0.000131 0.000457 0.001253 -0.000498 0.000200 0.000912 0.000964 0.000453 0.000133 0.000348
-0.004552 -0.000152 -0.001628 0.002752 0.000596 -0.001010 0.001134 -0.000897 0.004333 0.000137
-0.000913 0.000626 0.000170 -0.000072 0.000166 0.000845 0.001487 0.000407 -0.000077 0.000639
-0.001679 0.000612 0.001701 0.000201 0.000732 0.001143 0.002311 0.000491 0.001138 0.000879
0.002456 -0.001411 -0.000460 -0.000120 -0.000418 -0.001050 -0.003669 -0.000456 -0.000920 -0.001612
0.004280 0.000270 -0.000590 -0.003669 -0.001151 0.001700 0.000883 0.001996 -0.006533 0.000934
0.000339 0.000510 0.001688 -0.000165 0.000446 0.000461 0.000173 -0.000009 0.000893 -0.000041
0.005583 -0.000697 0.000465 -0.002506 -0.000890 0.000054 -0.003388 0.000489 -0.005586 -0.001040
-0.004212 -0.001568 -0.004119 0.004113 0.000246 -0.003660 -0.002598 -0.002531 0.005231 -0.001293
-0.001615 0.000593 0.002005 0.001473 0.000906 -0.000654 0.000072 -0.001084 0.004211 -0.000338
0.001104 0.000439 -0.000667 -0.002068 -0.000818 0.001663 0.002013 0.001414 -0.003576 0.001315
0.001860 -0.000018 -0.000373 -0.001561 -0.000614 0.000992 0.000267 0.001115 -0.003815 0.000269
0.007253 0.000235 0.001377 -0.004408 -0.001282 0.001254 -0.002004 0.001223 -0.006781 -0.000164
-0.004100 -0.000767 -0.002893 0.003748 0.000163 -0.003003 -0.001418 -0.002081 0.004351 -0.001053
-0.012788 0.000379 -0.000721 0.008032 0.002177 -0.003328 0.003437 -0.003456 0.014405 0.000336
-0.004726 -0.001432 -0.003296 0.004134 0.000403 -0.002922 -0.001680 -0.002004 0.004817 -0.001121
0.005466 0.000157 0.001573 -0.004124 -0.000892 0.002308 0.000069 0.002104 -0.006791 0.000547
0.001670 -0.000601 -0.000979 -0.000226 -0.000489 -0.000550 -0.002192 -0.000138 -0.001941 -0.000917
-0.000367 0.000208 0.001137 0.000286 0.000610 0.000541 0.000028 0.000009 0.001048 -0.000097
-0.000246 -0.000186 -0.001575 0.000152 -0.000347 -0.000583 -0.000142 -0.000203 0.000049 0.000047
-0.000743 0.000281 0.000797 0.000538 0.000487 0.000208 0.000041 -0.000296 0.002003 -0.000103
0.004131 0.000115 0.001334 -0.002722 -0.000416 0.001197 -0.000809 0.000922 -0.003346 0.000099
0.003554 0.000930 0.003582 -0.002236 0.000195 0.001636 -0.000470 0.000581 -0.001078 -0.000061
-0.002228 -0.000573 -0.001704 0.002175 0.000148 -0.001631 -0.000997 -0.001038 0.002190 -0.000773
0.002757 -0.000745 -0.003065 -0.001992 -0.001409 0.000223 -0.000583 0.001243 -0.006056 0.000168
0.006425 -0.000089 0.001881 -0.003124 -0.000838 0.000234 -0.002926 0.000470 -0.004530 -0.000929
-0.000352 0.001001 0.001612 -0.000641 0.000353 0.001330 0.002223 0.000722 0.000271 0.000845
0.004702 -0.001040 -0.003481 -0.002828 -0.001902 -0.000314 -0.001870 0.001107 -0.007481 -0.000145
0.000884 -0.000664 -0.002155 -0.000254 -0.000591 -0.000422 -0.001304 0.000069 -0.001894 -0.000359
0.003765 -0.000412 -0.001089 -0.002636 -0.001010 0.000965 -0.000760 0.001324 -0.005658 0.000186
0.002814 0.000388 0.000139 -0.002294 -0.000643 0.001360 0.000203 0.001127 -0.004062 0.000474
0.006313 -0.000235 -0.001698 -0.004288 -0.002122 0.000546 -0.000509 0.001976 -0.009544 0.000305
-0.001313 -0.000057 -0.000914 0.000497 0.000103 -0.000188 0.000432 -0.000374 0.001725 0.000411
0.001613 -0.000195 0.002834 -0.000047 0.000648 0.000192 -0.001979 -0.000312 0.000834 -0.001072
0.001486 0.000245 -0.000655 -0.002237 -0.000787 0.001573 0.001942 0.001543 -0.003296 0.001206
0.004767 -0.000722 -0.001260 -0.003261 -0.001507 0.000752 -0.000709 0.001716 -0.007217 0.000133
-0.003963 -0.000152 0.000145 0.002887 0.000639 -0.001533 0.000038 -0.001690 0.005345 -0.000276
0.002207 -0.000907 -0.002385 -0.000958 -0.001128 -0.000316 -0.001607 0.000648 -0.004607 -0.000597
-0.004437 0.000376 -0.001042 0.002631 0.000519 -0.001294 0.001605 -0.001099 0.004041 0.000350
-0.005326 0.001428 0.001972 0.002329 0.001396 0.000434 0.003816 -0.000585 0.006022 0.001161
-0.003534 0.000824 0.003623 0.002554 0.001744 0.000189 0.000597 -0.001230 0.006741 -0.000363
-0.001149 -0.000750 -0.002048 0.001305 -0.000043 -0.001228 -0.001136 -0.000621 0.000811 -0.000581
0.001087 0.000156 0.000966 -0.000549 0.000164 0.000424 -0.000497 0.000095 -0.000280 -0.000144
0.000171 0.001047 0.002701 -0.001322 0.000489 0.002213 0.002398 0.000974 0.000272 0.001170
0.000467 -0.001545 -0.002205 0.001082 -0.000354 -0.001878 -0.002909 -0.000614 -0.000945 -0.001451
0.000289 0.000624 0.002556 -0.000911 0.000448 0.001224 0.001587 0.000471 0.001123 0.000740
0.003990 -0.000946 -0.001249 -0.001838 -0.000872 -0.000041 -0.002656 0.000555 -0.004197 -0.000790
0.000603 0.000010 0.000027 -0.000927 0.000215 0.001161 0.000545 0.000762 -0.001208 0.000527
-0.005221 -0.000022 -0.002485 0.003149 0.000494 -0.001757 0.001727 -0.001032 0.003808 0.000330
0.004571 -0.000682 0.000343 -0.002130 -0.000666 0.000463 -0.002577 0.000780 -0.004375 -0.000934
-0.004747 0.000364 0.001533 0.003448 0.001594 -0.001063 0.000725 -0.001522 0.006488 -0.000343
-0.006568 0.000751 -0.000486 0.003374 0.001241 -0.000177 0.003092 -0.000749 0.005209 0.000857
-0.004665 0.000679 0.000822 0.002206 0.001283 0.000590 0.002152 -0.000648 0.005542 0.000750
-0.001500 -0.000572 -0.003617 0.000987 -0.000360 -0.001400 0.000377 -0.000015 -0.001344 0.000096
0.002364 -0.000565 -0.002858 -0.001875 -0.001566 0.000069 -0.000095 0.001161 -0.006413 0.000366
-0.008961 -0.001386 -0.002279 0.006179 0.001375 -0.003061 0.000686 -0.002427 0.009154 -0.000441
-0.000114 -0.001135 -0.003431 0.001037 -0.000833 -0.001884 -0.002477 -0.000907 -0.000273 -0.001015
0.001368 0.000770 0.003466 -0.001107 0.000542 0.001558 0.000580 0.000569 -0.000145 0.000175
-0.002557 -0.000969 -0.001017 0.002540 0.000584 -0.001327 -0.001639 -0.001178 0.003111 -0.000996
-0.001624 -0.000814 -0.003090 0.000450 -0.000535 -0.000308 0.001095 0.000587 -0.001890 0.000536
0.001758 0.000336 0.001570 -0.000888 0.000003 0.000581 -0.000724 0.000098 -0.000363 -0.000286
0.006737 -0.000354 -0.001025 -0.004887 -0.001897 0.001415 -0.000446 0.002308 -0.009898 0.000616
0.009922 0.002113 0.008015 -0.007235 -0.000082 0.005235 0.000529 0.003111 -0.007434 0.000795
-0.000865 -0.000277 0.000317 0.001486 0.000421 -0.001224 -0.001589 -0.001217 0.003022 -0.000910
0.010003 -0.001053 0.000001 -0.005732 -0.001987 0.001527 -0.004052 0.002015 -0.010560 -0.000797
-0.004672 0.000175 -0.000628 0.002861 0.000773 -0.000979 0.001178 -0.001181 0.004911 0.000175
0.000766 -0.001328 -0.002925 0.000261 -0.000891 -0.001459 -0.002123 -0.000336 -0.001540 -0.000810
0.003202 -0.000979 0.000551 -0.000946 -0.000356 -0.000608 -0.002827 -0.000101 -0.001606 -0.001154
-0.003573 0.000210 0.001040 0.002449 0.000957 -0.000850 0.000755 -0.001154 0.005208 -0.000139
0.004184 0.001128 0.001623 -0.003846 -0.000774 0.003104 0.001396 0.002205 -0.005833 0.001008
0.005034 0.001434 0.003629 -0.004191 -0.000118 0.003312 0.001068 0.001953 -0.004223 0.000925
