-0.006368 -0.001715 -0.008909 -0.007313 0.015178 0.012505 -0.009175 0.005587 0.004059 0.011723
-0.011954 -0.007733 -0.011214 0.009322 0.008396 -0.019606 -0.008526 -0.011556 -0.005570 0.001394
-0.013684 -0.004265 -0.005921 -0.013016 0.013706 -0.002091 -0.002003 0.006908 0.007094 0.000326
0.012302 0.002342 0.013157 -0.005553 0.003887 0.002879 -0.004734 -0.013537 0.018361 0.014897
0.002503 -0.007030 -0.001971 0.013711 -0.006840 0.006515 -0.020796 -0.007614 -0.001092 -0.008048
-0.004680 -0.017955 -0.002546 0.011058 -0.000916 -0.003483 -0.020490 0.011135 -0.010437 0.006415
-0.019554 -0.000710 -0.018558 -0.002491 -0.002577 -0.027863 0.015593 0.009301 -0.021133 -0.015653
0.002021 -0.024216 0.022083 0.005436 -0.005122 0.004401 0.005492 0.015412 -0.003831 0.003878
-0.003059 0.004089 -0.008436 0.000304 -0.010872 -0.003974 -0.000417 0.000506 -0.010040 -0.023899
-0.020610 0.000549 -0.023691 -0.002194 0.016784 -0.004345 -0.016450 -0.007974 0.007936 0.003801
0.001139 0.000773 0.038150 -0.000326 0.000476 -0.020803 -0.000020 0.006474 0.015520 0.016795
-0.012118 -0.012147 0.008451 0.001494 0.002969 -0.007449 -0.001705 -0.005182 0.004628 0.017633
-0.005883 -0.004403 0.012438 0.010517 -0.002374 -0.020862 -0.009947 0.005843 -0.005050 0.002519
0.007750 -0.006397 -0.005721 0.014636 -0.005802 0.018903 0.002809 0.016258 -0.003238 -0.017216
0.003181 0.011393 -0.009767 -0.017392 0.003110 0.013765 0.008825 0.003733 0.005939 0.004594
-0.025642 -0.018744 0.019480 -0.012349 0.019735 0.009338 -0.000667 0.006467 -0.008470 0.009207
0.001590 -0.009568 0.022447 -0.006020 0.007799 0.014499 0.007900 -0.019866 0.002903 0.024735
0.002672 -0.012252 -0.027642 -0.009655 -0.004824 0.051272 -0.019824 0.032302 0.002273 -0.009244
0.000695 -0.004246 0.004212 -0.004763 0.013615 -0.000314 -0.019619 0.004275 0.019197 0.031026
0.000910 -0.000367 -0.013044 0.006943 -0.016244 -0.006876 0.006107 0.002887 -0.010744 -0.005048
-0.013441 0.008704 0.025221 -0.021267 -0.001080 -0.015773 0.021586 0.002260 0.006980 0.010387
-0.007425 0.009276 -0.010654 0.002640 -0.011284 -0.020446 0.003061 0.003438 0.007283 -0.020741
0.019785 -0.008264 0.000754 0.004797 -0.010652 0.007538 -0.021462 -0.002363 0.001504 -0.004486
0.010320 -0.012147 0.015443 -0.018477 0.006889 0.046189 -0.002673 0.011213 0.002192 0.013712
0.015964 0.011900 -0.024048 -0.012962 -0.008020 0.021234 -0.004823 0.001216 0.012736 0.013082
0.013934 -0.020597 0.011241 0.007390 0.000641 0.006939 -0.010938 -0.009082 -0.002581 0.024347
0.012463 0.003677 -0.021039 -0.016814 -0.007304 0.044079 -0.009606 0.007742 0.005957 0.000494
0.022505 -0.000632 -0.012653 0.014216 -0.015990 0.013200 -0.001100 0.003586 -0.005616 -0.002383
0.000769 0.011424 -0.007000 -0.009870 0.004433 0.002234 0.008643 -0.004875 0.009668 0.003493
-0.021163 -0.029575 -0.004780 0.005536 0.006331 -0.013672 -0.004402 0.004345 -0.017274 -0.012318
-0.035742 -0.002699 0.018039 -0.015841 0.014982 -0.023764 0.032711 0.022273 -0.000771 -0.003334
0.003671 -0.013350 0.028130 0.004789 0.011256 -0.011261 0.004708 0.001524 0.001143 0.030940
0.011480 0.006740 -0.004131 -0.000976 -0.010794 -0.007648 0.010782 0.015465 0.006628 -0.012054
0.025573 0.003734 0.033201 0.011415 -0.009991 -0.006090 0.010506 -0.002895 0.007667 0.007720
0.008533 -0.000910 -0.010618 0.011640 -0.004228 0.015300 0.000370 -0.012998 -0.017036 -0.007624
-0.008285 -0.006235 -0.008390 0.003377 0.013085 0.008068 -0.005915 0.006529 -0.003409 -0.009280
0.007305 -0.004439 -0.009892 -0.008485 0.010433 0.026022 -0.003013 -0.003106 -0.004918 -0.002150
0.026739 0.015277 -0.009628 -0.014146 0.002460 0.018912 -0.000663 -0.012758 -0.002197 0.035543
0.001564 -0.002956 0.007871 0.017602 -0.009802 -0.007549 -0.010919 -0.015032 -0.000592 0.009116
-0.007087 0.057151 -0.037229 -0.001463 -0.001682 -0.048569 0.006311 -0.024021 0.009855 -0.007590
-0.005984 -0.004722 0.027572 0.007278 -0.001675 -0.013510 0.014383 -0.010268 -0.010892 -0.013085
0.000530 0.024053 -0.006003 -0.016709 0.005739 0.022454 0.006032 0.016355 0.011056 -0.000210
-0.003894 0.001433 0.030776 0.018822 -0.002115 -0.036308 0.001645 -0.007184 0.001514 0.009516
-0.025263 -0.003070 -0.003879 -0.008079 0.012942 -0.013746 0.004966 0.005097 -0.010417 0.011434
-0.011615 -0.002748 0.019325 -0.005088 0.008817 -0.019790 0.015887 0.001927 -0.003938 0.017091
0.018543 0.032084 -0.018354 -0.007219 -0.013127 0.011792 0.009755 -0.005612 0.005779 -0.011171
0.045671 0.005217 -0.005566 0.007548 -0.014147 0.040979 -0.036784 -0.022193 0.018171 0.010776
-0.005703 0.029523 -0.020706 -0.017986 0.001272 0.003567 0.000507 -0.021741 -0.000427 -0.006274
0.026047 0.006788 -0.028902 0.002969 -0.013567 0.019548 -0.015485 0.006002 -0.003115 -0.003048
-0.010706 -0.003174 0.008977 0.015615 0.008222 -0.015414 -0.020101 -0.019703 -0.008187 0.002521
0.009422 -0.005892 0.014713 0.005396 -0.002772 -0.005297 -0.002354 -0.000125 -0.003677 0.014192
-0.010087 -0.008892 0.006532 0.002558 0.009628 0.002595 -0.007112 0.005051 0.007749 0.009922
0.012488 -0.001166 -0.006785 0.018608 -0.008151 -0.007032 -0.019093 -0.003247 -0.020872 -0.013139
0.005658 -0.002474 -0.013306 0.002411 -0.011034 0.011911 -0.004964 0.010588 -0.008777 -0.005291
-0.003825 0.015100 -0.002375 -0.007625 0.002479 -0.011518 0.011789 -0.012222 -0.004466 0.005125
-0.000635 0.008305 0.004017 0.000281 0.002364 -0.009886 0.013186 -0.000448 -0.000178 0.011767
-0.000226 -0.017591 0.018189 -0.000174 0.012754 0.008369 -0.001619 -0.004215 0.008175 0.032971
0.007958 -0.019690 -0.004215 -0.001625 -0.018097 0.028864 -0.007103 0.026803 -0.000280 -0.021256
0.003450 -0.005652 -0.018747 -0.003429 0.012751 0.017714 -0.012627 0.001919 0.001927 0.010224
0.007626 -0.003066 -0.004307 0.006782 -0.018692 0.007684 -0.000603 0.005342 -0.007595 -0.035803
-0.006345 0.010176 0.009917 -0.021837 -0.007682 0.009405 0.016126 0.004205 0.009070 -0.009041
-0.011563 0.005035 0.021225 -0.009241 0.010487 -0.019259 0.005964 -0.005999 0.012088 0.016348
0.002977 -0.011761 0.014698 0.012549 -0.001342 -0.017385 -0.010427 -0.000959 -0.004554 0.000258
0.015847 -0.018041 0.011411 0.004101 -0.005498 0.030649 -0.009097 0.019160 0.006998 -0.006460
-0.007535 -0.023355 0.019557 0.019024 0.010974 -0.006367 -0.012828 -0.009459 -0.015544 0.007276
-0.037548 0.001920 -0.032456 0.000800 -0.005830 -0.005525 -0.013751 0.013618 -0.013021 -0.056568
-0.008615 -0.011432 0.024011 0.013370 0.016105 -0.052329 0.004520 -0.003542 -0.000895 0.016770
-0.022446 -0.002934 0.018288 -0.010630 0.001493 -0.011390 -0.000678 0.000040 0.011080 -0.015453
0.004953 -0.007213 0.007827 0.018041 -0.023184 -0.007956 -0.018307 0.014998 -0.016966 -0.023876
0.005589 0.027202 0.020704 0.001676 -0.011390 -0.005343 0.008651 0.003529 0.030400 0.000714
0.033290 0.004124 -0.018807 0.012327 -0.009493 0.010694 -0.027986 -0.021727 -0.006678 -0.001385
0.007795 -0.026875 -0.010418 0.001330 -0.015209 0.057873 -0.009438 0.030955 -0.002153 -0.035263
0.002079 -0.002073 0.000495 -0.004189 0.001455 0.004371 0.000536 -0.001243 0.008624 0.015390
0.008604 -0.017306 -0.000922 0.003512 -0.013202 0.011486 -0.001756 0.009862 -0.003997 -0.007514
0.005424 -0.000597 -0.023926 -0.009177 0.002936 0.028196 -0.006496 0.001979 0.000907 -0.000753
0.015470 0.004066 -0.008047 0.007775 -0.016633 0.008997 0.001324 0.003250 -0.003834 -0.021623
-0.001318 0.006728 -0.004136 -0.015571 -0.000570 0.012098 0.008764 0.003137 0.009820 -0.004367
-0.013563 -0.008342 0.014642 -0.003188 0.008922 -0.017236 0.003693 -0.004117 0.004773 0.006505
-0.013696 -0.011215 0.012265 0.004802 0.003724 -0.015233 0.003910 0.009880 -0.005080 -0.003007
0.009330 -0.012454 0.005149 0.006741 -0.001821 0.010663 -0.005869 0.013029 0.004521 -0.000059
