0.000041 0.003698 -0.007490 0.010832 0.004446 0.001213 -0.000027 -0.003966 -0.014991 -0.006545
0.000975 0.011666 0.002637 0.005874 0.004625 0.002599 -0.002888 -0.007760 -0.000228 0.003245
-0.001315 0.005786 -0.004272 0.004796 0.019756 -0.005358 0.003455 0.003122 0.009860 0.012351
0.005535 -0.007964 0.011946 -0.002984 -0.007623 0.011439 0.004394 -0.006318 0.004316 -0.003729
-0.016938 0.002140 -0.003172 -0.002136 -0.007300 -0.009651 0.010261 0.001918 0.005110 -0.004443
0.002101 0.013203 0.000993 -0.010056 -0.012203 0.000962 -0.007789 -0.001147 -0.000636 -0.000886
-0.005207 -0.004264 -0.001298 -0.002044 0.007578 -0.008089 0.011228 0.010108 0.015269 0.002255
-0.006582 -0.007801 0.005285 -0.002864 -0.000718 0.004462 -0.001264 -0.002713 0.008457 0.001926
0.004432 0.002148 -0.006293 -0.006171 0.005921 -0.002355 0.000735 -0.012790 -0.000125 0.001929
-0.003374 0.002273 0.001338 0.001717 0.002202 -0.005352 -0.004637 0.001389 0.005269 0.010020
0.008033 -0.003413 -0.001982 -0.000745 -0.007679 -0.000824 0.000729 0.000316 -0.000531 -0.002246
-0.003166 0.001678 -0.010336 -0.005950 -0.004570 -0.008949 0.004856 -0.003041 -0.006048 0.001397
-0.006527 -0.003860 0.008696 0.008060 0.007649 -0.005486 -0.002104 0.002421 0.002290 0.003736
0.002682 -0.004826 -0.004196 -0.011782 0.001281 -0.004071 0.006998 -0.002827 -0.003646 -0.001031
-0.005072 -0.003130 0.005437 0.007009 0.000476 -0.006808 -0.007896 -0.005299 0.001741 0.004865
-0.006623 0.002611 -0.000081 -0.001284 -0.004339 0.006948 0.003661 -0.000862 -0.002706 0.003780
-0.003750 -0.008243 0.006453 -0.003466 -0.000045 0.003611 0.001448 0.004813 0.009720 0.008922
-0.003223 -0.001906 -0.003344 -0.008946 -0.007064 0.001115 -0.001512 0.001043 -0.001384 -0.001257
-0.002963 0.000205 -0.002197 0.004013 -0.003752 -0.001065 -0.000493 0.000878 -0.004704 -0.003802
-0.002414 0.002554 -0.001932 0.000961 0.000372 0.000632 0.001873 0.000814 -0.002709 -0.002339
0.006895 -0.004407 0.001784 0.003630 0.000063 0.004654 -0.004375 0.004165 0.000964 0.001510
0.004984 -0.002599 -0.000205 -0.000195 0.005317 0.002242 0.006853 -0.002643 -0.001232 -0.000755
-0.000776 0.003174 -0.002400 0.003443 -0.002201 -0.000192 -0.009571 -0.009144 -0.006773 0.000826
0.004568 0.001059 -0.002004 -0.001081 -0.000089 -0.005486 -0.000658 0.002979 0.001461 -0.001083
-0.004167 -0.003554 0.006776 -0.012240 0.002317 -0.004939 0.010401 0.003863 -0.000412 0.002648
-0.001083 -0.000418 0.003616 -0.006637 -0.000745 0.004546 -0.001832 0.000569 -0.002425 -0.002792
0.001141 0.004918 -0.001848 0.000158 -0.004958 0.001995 0.004011 -0.013441 -0.009635 -0.003008
-0.001801 -0.002835 -0.003788 -0.006037 -0.007356 0.002413 -0.001591 0.007529 0.009137 0.000818
0.005252 -0.012928 0.002961 0.001080 -0.005109 0.002164 -0.000572 -0.000329 0.006268 0.004445
0.006215 0.004819 -0.004397 0.006577 0.015658 0.002394 0.002564 -0.002027 0.002569 0.006596
0.000564 0.004297 -0.002849 0.005597 -0.004285 0.000768 -0.007550 -0.004038 -0.005640 -0.002548
-0.001290 0.004352 0.001961 0.002634 -0.009248 0.002367 -0.005561 0.002451 -0.004210 -0.001071
0.002318 0.005003 -0.008281 0.002623 0.002993 -0.004360 -0.000207 -0.003715 -0.007242 -0.004494
-0.000040 0.002539 0.003736 0.002173 0.002404 0.002425 0.000650 -0.002092 0.007896 0.002650
0.003353 0.000020 0.001824 -0.004946 -0.000779 0.006287 0.003100 -0.005691 0.001684 0.002929
-0.002300 -0.001202 -0.007147 -0.002535 -0.002081 -0.006469 0.002162 -0.005645 0.000807 -0.001394
-0.002549 0.000948 0.000458 0.001768 0.002563 0.003253 0.003887 -0.010656 0.000751 -0.003479
0.005065 -0.000391 0.003478 0.000449 -0.004994 0.003268 -0.008980 0.003196 -0.000270 -0.000656
-0.001327 -0.006819 0.001260 -0.004755 -0.001556 0.002114 0.004368 -0.000107 0.004570 0.000653
-0.001445 0.003643 0.000814 -0.002637 -0.001993 0.006173 -0.001640 -0.008633 0.004950 -0.000019
-0.004808 0.011738 -0.006259 -0.013414 -0.003893 0.002437 0.004192 -0.012919 -0.001072 -0.004684
0.007128 -0.003314 0.004520 -0.000789 -0.002338 0.000476 0.008219 0.010524 0.001967 0.000670
0.001934 -0.004971 0.000239 0.000901 -0.002342 -0.000703 -0.001389 -0.002430 -0.007846 0.004345
0.007090 -0.001714 -0.002444 -0.015871 0.003930 0.010959 0.009688 0.001584 0.009428 0.002988
-0.005172 0.004442 -0.002571 -0.006471 -0.006470 -0.011770 0.002260 0.005226 0.000813 -0.000317
-0.005938 0.003200 -0.005561 -0.005290 0.014098 -0.003034 0.007383 -0.007570 0.007932 0.006545
-0.001249 0.005849 0.006559 -0.003584 -0.002330 0.001032 0.006995 -0.003171 -0.009693 -0.013481
-0.009933 -0.010926 -0.006802 -0.003897 0.005733 0.001299 0.018556 0.006703 -0.007630 0.007518
0.001075 0.004158 -0.002586 -0.008954 -0.001678 -0.002794 0.004193 -0.003835 -0.005794 -0.003263
0.003273 0.009756 0.007631 0.000071 0.006519 0.002866 0.001584 0.002736 -0.006999 -0.007007
0.011898 -0.001983 -0.007088 0.000004 0.015187 -0.001760 0.002063 -0.000619 -0.003885 -0.002045
0.008398 0.001158 0.001865 -0.014775 -0.001831 0.009354 0.008820 -0.004682 -0.004648 -0.008805
-0.020468 0.003081 0.006592 -0.003135 -0.002428 -0.009756 0.011694 0.013833 0.005398 0.011146
0.001896 0.014249 -0.012423 -0.020433 0.001450 -0.009377 0.009484 -0.015885 -0.000040 0.002674
-0.001051 0.012786 -0.003555 0.010541 0.008030 -0.012980 -0.004819 -0.001243 0.002788 -0.005022
-0.028238 -0.018517 0.000796 0.006786 -0.004703 0.001143 0.006854 0.005103 0.004508 0.013273
0.001114 0.009671 -0.012053 -0.010480 0.004415 -0.005976 0.001415 -0.014149 -0.008623 -0.004891
0.006099 0.001886 0.010591 -0.000075 0.005046 0.004449 0.002994 0.004079 -0.003352 -0.005695
0.007532 -0.002721 0.003003 -0.000722 0.007187 0.011080 -0.000457 -0.009292 0.005434 0.004666
-0.001461 -0.000559 -0.002354 0.003494 0.003540 -0.005427 0.000064 -0.006936 -0.003641 0.002010
-0.016119 0.001917 0.002817 -0.005159 0.002025 0.000095 0.007760 -0.011297 0.009069 0.006273
-0.001215 0.003748 -0.001870 -0.013535 0.006101 -0.001318 0.008374 -0.007449 0.001429 -0.000374
-0.009191 -0.000427 0.002023 0.003254 0.002046 -0.003012 0.005084 0.003621 0.004900 -0.001559
-0.006890 -0.001360 -0.001997 0.009135 0.002825 0.006561 -0.002308 -0.003519 -0.003441 0.004485
-0.004815 0.008365 -0.011293 0.005685 -0.000763 0.009546 -0.014964 -0.004803 -0.001322 0.001018
0.000417 -0.004563 0.002145 0.006244 0.006148 -0.004883 -0.001456 0.014602 0.001939 0.001834
-0.003065 -0.003875 0.004097 0.014105 0.011710 -0.006300 -0.010194 0.011953 0.007593 -0.001704
0.003005 0.006009 0.004370 0.006031 0.011945 0.004988 0.004909 -0.005868 -0.014797 -0.003087
-0.014108 0.011344 -0.004236 -0.003693 -0.002640 -0.020447 0.000915 0.015315 0.001584 0.004653
-0.016203 0.002023 -0.001934 -0.016817 -0.009159 -0.010755 0.005437 -0.008897 -0.000469 -0.000390
-0.006646 0.000330 -0.000006 0.011332 0.016484 -0.005148 0.007146 0.007275 0.006995 0.002411
-0.009356 -0.008657 -0.001036 0.003797 0.016082 -0.005136 0.010659 0.004950 -0.003189 0.009093
-0.002819 0.005326 -0.007290 0.002823 -0.001219 0.000268 -0.004033 -0.001134 -0.003954 -0.002664
-0.000435 -0.002132 0.001178 0.002351 0.003453 -0.000986 0.000847 0.003313 0.006981 0.005384
0.000684 -0.001643 0.002634 0.002765 -0.002597 0.000221 -0.002427 -0.001709 -0.001890 0.001029
-0.000732 0.001332 -0.004340 -0.005850 0.000216 0.000963 0.004796 -0.000818 0.001676 -0.002518
0.002157 0.002491 -0.005852 -0.002686 -0.004694 -0.004980 0.001492 -0.000178 -0.003379 -0.005951
-0.000438 0.000883 0.000811 0.000341 -0.004378 -0.001612 -0.006421 0.003262 0.002993 0.000811
0.000772 -0.004648 0.001297 -0.004863 0.001041 0.002570 0.007312 0.001176 0.000381 -0.002281
-0.005976 -0.001640 0.002247 -0.005902 0.001645 0.001235 0.006885 -0.003638 0.000177 0.002368
