-0.004837 0.000387 -0.003144 0.003313 -0.006932 -0.004534 0.002378 0.000890 -0.000168 0.001416
0.008349 0.005064 -0.006484 0.005590 -0.003805 0.012140 -0.009030 0.002220 -0.007686 -0.010263
-0.001323 -0.001948 0.003630 -0.000766 0.001013 -0.001775 0.001130 0.000160 0.001244 0.002926
-0.011758 0.002364 -0.006829 0.004846 -0.009890 -0.012786 0.010138 0.003753 0.009404 0.014500
0.007707 0.005080 -0.005930 0.004819 -0.003896 0.013949 -0.007502 -0.005426 -0.004121 -0.010431
-0.005203 -0.004696 0.005517 -0.005494 0.001920 -0.007633 0.005366 -0.000586 0.000306 0.004705
-0.011985 -0.008395 0.009594 -0.005627 0.007708 -0.022987 0.013377 0.009153 0.007407 0.019491
0.026814 0.013525 -0.013405 0.007962 -0.006761 0.044033 -0.029919 -0.016641 -0.015449 -0.040162
-0.004328 0.002333 -0.006493 0.005260 -0.011089 -0.007379 0.000237 0.008094 -0.001100 0.004893
0.016507 0.006246 -0.003315 0.001073 -0.003224 0.021342 -0.019666 -0.014477 -0.001866 -0.020624
0.008243 -0.000150 0.000009 0.003630 -0.000984 0.009725 -0.009043 0.000359 -0.012500 -0.012253
-0.003334 0.002259 -0.006624 0.006791 -0.004208 -0.006357 -0.000633 0.012197 -0.002488 0.000524
-0.000583 -0.004461 0.004397 -0.001768 -0.000146 -0.004854 -0.002486 0.007439 -0.009583 -0.003110
-0.001142 0.007256 -0.013163 0.009883 -0.011102 0.003701 0.000530 0.006987 -0.003269 0.000187
-0.002150 -0.002686 0.002820 -0.003069 -0.001298 -0.002669 -0.001748 -0.002723 -0.002566 -0.004687
0.042964 0.020640 -0.018565 0.012029 -0.002217 0.066527 -0.045146 -0.020446 -0.019828 -0.058725
0.014305 0.008595 -0.008038 0.004970 -0.003737 0.025641 -0.013517 -0.009430 -0.005610 -0.017468
-0.017564 -0.002298 -0.003039 0.003249 -0.006424 -0.022577 0.018049 0.013074 0.005720 0.022798
-0.020776 -0.009202 0.007703 -0.004166 -0.001780 -0.034216 0.016160 0.014377 0.008459 0.023521
0.026981 0.014056 -0.013119 0.009731 -0.005018 0.046579 -0.025362 -0.020068 -0.011528 -0.035025
-0.003755 0.004153 -0.006994 0.001997 -0.012923 0.002740 0.005254 -0.013104 0.005955 0.004100
-0.015380 -0.003075 -0.001035 0.000403 -0.008559 -0.018044 0.015187 0.005196 0.003756 0.017255
-0.020561 -0.004109 0.001746 -0.002871 -0.006367 -0.025990 0.023724 0.002791 0.015966 0.031458
0.018855 0.004262 0.000208 -0.000165 0.009711 0.023138 -0.019152 -0.003048 -0.007652 -0.021662
0.028300 0.007752 -0.004157 0.000123 -0.001703 0.043054 -0.029159 -0.023240 -0.017544 -0.039687
-0.016020 -0.004674 0.000344 0.001645 -0.005824 -0.024980 0.009318 0.015348 0.001620 0.011743
-0.011818 -0.002769 0.000013 0.000481 -0.003836 -0.014949 0.015174 0.003332 0.005724 0.018404
-0.005294 -0.006036 0.007644 -0.006193 0.010039 -0.009750 0.011797 0.004192 0.001931 0.014133
-0.018997 -0.005011 0.003325 -0.004521 -0.005675 -0.027832 0.020588 0.009410 0.012384 0.031463
0.005736 0.000502 0.001158 0.000254 0.001889 0.008492 -0.006491 -0.008018 -0.001346 -0.010297
-0.043005 -0.015035 0.007920 -0.001750 -0.006155 -0.064404 0.043274 0.028491 0.016066 0.056064
-0.015419 -0.005350 0.002791 0.000222 0.000241 -0.028872 0.016176 0.018691 0.008023 0.025584
-0.015383 -0.009249 0.007994 -0.002624 0.002669 -0.030005 0.013766 0.015104 0.004756 0.021017
-0.004248 -0.005031 0.005973 -0.005165 0.001825 -0.010290 0.003706 0.009426 -0.003403 0.007877
0.042230 0.020217 -0.021000 0.016411 -0.007638 0.066997 -0.043698 -0.018923 -0.027163 -0.059715
-0.010607 -0.001518 -0.001210 0.002910 -0.000486 -0.016114 0.010651 0.010824 0.006210 0.015803
0.005752 0.002876 -0.003298 0.001432 -0.002475 0.008504 -0.009710 -0.004978 -0.003512 -0.014194
0.015467 0.004400 -0.002725 0.002708 0.004361 0.021263 -0.017501 -0.005694 -0.009115 -0.024015
-0.044127 -0.019807 0.017525 -0.013203 0.006702 -0.063556 0.048684 0.018172 0.021388 0.059275
0.001848 -0.001592 0.003810 -0.002653 0.005047 0.001841 -0.001784 -0.005656 0.002152 -0.003883
-0.012260 -0.001455 -0.002121 0.003574 -0.006977 -0.020163 0.008557 0.013490 0.005382 0.015661
0.019349 0.005411 -0.003451 0.002252 0.005773 0.024978 -0.019938 -0.002749 -0.012550 -0.025495
0.017289 0.012440 -0.013341 0.008131 -0.010812 0.032817 -0.018394 -0.011272 -0.008919 -0.024130
-0.013231 0.001479 -0.006716 0.006497 -0.007175 -0.015139 0.010066 0.007042 0.008297 0.012221
0.019448 0.009158 -0.008694 0.005947 -0.003129 0.030688 -0.023185 -0.011835 -0.010404 -0.031733
0.025475 0.007709 -0.003473 0.001529 0.002667 0.034974 -0.025745 -0.013623 -0.010831 -0.030309
-0.013359 -0.010170 0.012235 -0.009420 0.007081 -0.026491 0.009107 0.012326 0.005107 0.015157
0.027656 0.013443 -0.011034 0.005257 -0.001152 0.045643 -0.027171 -0.022695 -0.008447 -0.036918
0.007049 -0.000547 0.004396 -0.003721 0.009307 0.003216 -0.004170 -0.000649 0.002887 -0.001190
0.013760 0.003437 0.001526 -0.001892 0.003090 0.021634 -0.013264 -0.018566 0.000774 -0.017581
0.003315 0.002328 -0.001688 -0.000486 -0.001784 0.005162 -0.002802 -0.003310 0.000934 -0.001680
-0.023130 -0.013424 0.013215 -0.009667 0.006793 -0.039089 0.022812 0.015815 0.008672 0.028479
-0.036408 -0.014981 0.012175 -0.008858 0.002601 -0.053314 0.040827 0.019140 0.017248 0.051753
0.022772 0.008635 -0.005330 0.002873 -0.000748 0.032832 -0.025088 -0.013051 -0.008853 -0.030125
0.000634 0.001716 -0.003552 0.003059 -0.003297 -0.000230 -0.003276 0.000767 -0.000785 -0.004953
-0.021102 -0.008861 0.005948 -0.004039 -0.003088 -0.033509 0.017509 0.011484 0.007351 0.022328
-0.007650 -0.002252 0.000412 -0.000364 -0.003497 -0.009515 0.007982 0.005870 -0.000373 0.010287
-0.004632 0.001754 -0.003591 0.002460 -0.001809 -0.006239 0.004917 0.004302 0.005914 0.007800
0.003118 0.007108 -0.011358 0.007964 -0.010305 0.011456 -0.001193 -0.004122 -0.003529 -0.003936
-0.000692 -0.004633 0.006625 -0.005506 0.003208 -0.002615 0.001662 -0.002403 -0.002395 0.000919
-0.002792 -0.010645 0.016975 -0.010979 0.020370 -0.016825 0.003839 0.011979 0.003623 0.009921
0.000847 0.005111 -0.006732 0.004667 -0.006100 0.004990 0.000831 -0.002031 0.003405 0.002533
-0.017729 -0.014108 0.017960 -0.014917 0.010461 -0.036418 0.017936 0.011522 0.012018 0.028707
-0.008713 0.001181 -0.003098 0.001815 -0.007447 -0.009095 0.009347 0.001150 0.008660 0.013433
-0.022932 -0.003728 -0.002290 0.000627 -0.012425 -0.029800 0.022041 0.013088 0.007479 0.029375
0.003800 0.004243 -0.004757 0.001981 -0.008523 0.011600 -0.003719 -0.013829 0.000591 -0.006119
0.004869 0.000687 0.001226 0.000540 0.006796 0.008080 -0.003277 -0.002884 -0.000474 -0.006446
0.008195 0.005038 -0.006770 0.006204 -0.002266 0.008904 -0.011294 0.003336 -0.005536 -0.011872
-0.006597 -0.005840 0.006480 -0.002537 0.003353 -0.014027 0.004017 0.004391 0.002515 0.005356
-0.006506 -0.004145 0.003806 -0.003514 -0.001202 -0.008194 0.006044 0.003104 -0.002096 0.005452
0.006149 -0.005088 0.011879 -0.011026 0.014763 0.004657 -0.004830 -0.008850 0.001340 -0.005962
0.021716 0.005003 -0.000269 -0.002973 -0.001229 0.025237 -0.025203 -0.014660 -0.007396 -0.026580
-0.000347 -0.004301 0.007577 -0.005859 0.010717 -0.005661 0.005854 -0.000279 0.005399 0.008824
0.000445 0.005380 -0.006390 0.002061 -0.002666 0.007787 0.002248 -0.013985 0.009373 -0.000826
0.018958 0.008124 -0.005947 0.002155 -0.003637 0.029331 -0.021150 -0.011642 -0.009075 -0.025875
-0.011492 -0.002083 0.000278 -0.000317 -0.002948 -0.016127 0.013061 0.004498 0.009003 0.018099
-0.026278 -0.007859 0.003323 -0.002881 -0.004823 -0.034756 0.027414 0.010257 0.010882 0.031900
0.004089 0.001692 -0.002176 0.001324 -0.002151 0.004898 -0.003261 0.002528 -0.005112 -0.002118
-0.031118 -0.007656 0.000317 0.000217 -0.011192 -0.044959 0.029864 0.015313 0.013582 0.037955
-0.020833 -0.005599 0.001490 0.000196 -0.002798 -0.025874 0.020459 0.010632 0.006963 0.021005
