0.001347 0.002912 0.000498 -0.000856 -0.001954 0.001335 -0.004045 0.000875 -0.000893 -0.001665
-0.003182 -0.003267 0.000815 0.001292 0.003583 -0.004117 -0.002763 -0.005050 -0.004742 -0.005265
0.001583 0.003333 0.001219 -0.001258 0.002721 0.002722 0.000778 0.002483 0.001143 -0.000254
0.003027 0.001341 0.000647 0.000486 0.000208 -0.000854 0.000425 -0.002501 -0.001216 -0.003384
-0.002384 0.001021 0.000138 -0.000703 0.001755 -0.000253 0.003085 0.002010 0.002589 0.002305
-0.000256 -0.001716 0.000717 0.004059 0.001677 0.000701 0.005027 0.003645 -0.003811 0.003213
-0.000656 0.000204 0.000134 -0.000214 0.001592 -0.000290 0.001972 0.002397 0.000844 0.000224
0.000474 0.001653 0.002134 0.000595 -0.001329 0.000719 0.002536 -0.000887 -0.001838 -0.000178
0.000345 -0.002870 0.000565 0.001723 -0.000446 0.000387 0.000294 -0.002031 -0.002830 0.001378
0.001431 0.005697 -0.000277 -0.002057 -0.000122 0.002661 0.006270 0.004657 0.006098 0.003409
-0.000685 -0.001613 0.001273 0.002202 -0.004713 0.000970 -0.003466 -0.000409 -0.000327 0.001652
0.000464 -0.000855 -0.000906 -0.001314 0.002783 0.000187 0.001554 0.001400 0.001838 0.002044
0.002948 0.000407 -0.000073 0.000034 -0.004716 -0.000480 -0.005314 -0.002055 -0.001797 -0.001235
0.000132 0.003707 0.002772 -0.002819 -0.000547 -0.003055 -0.003092 -0.002343 0.001032 -0.001977
0.000952 -0.001458 0.000764 0.002737 0.004002 -0.000526 -0.000244 -0.001959 -0.004600 -0.000880
-0.003068 -0.002144 -0.001339 -0.001452 -0.001288 0.000363 -0.002317 0.000374 0.002040 0.001528
-0.000153 0.003903 -0.000053 -0.002478 -0.000975 -0.000622 0.001616 -0.003579 -0.000682 -0.005115
-0.000489 -0.000399 -0.001072 0.000959 -0.002461 0.000870 -0.002703 0.000901 -0.003382 -0.000744
-0.000937 0.004098 0.003076 0.000559 -0.001707 -0.001272 -0.001632 -0.002734 -0.003418 -0.001968
0.001665 0.000137 -0.001032 0.001391 -0.001114 0.002986 -0.000964 0.004520 -0.000840 0.004159
-0.001958 -0.002481 0.000850 0.001233 0.002528 -0.003429 -0.003692 0.002087 0.000119 0.000743
0.000381 -0.001124 -0.002225 0.000970 -0.002953 0.001416 0.000393 0.000334 0.001373 0.002873
-0.000067 0.003131 0.001602 0.000377 -0.000680 -0.001332 0.001253 -0.000068 0.002505 -0.000616
0.000583 -0.000676 -0.000216 -0.000213 -0.000916 -0.000811 -0.001215 -0.001290 -0.001750 -0.000474
0.000967 -0.000596 -0.002679 -0.002693 -0.004455 0.000372 -0.003835 -0.005310 -0.002088 -0.003086
-0.000251 -0.001759 -0.001274 0.000109 -0.003023 -0.001524 -0.004819 -0.002178 -0.005283 -0.001613
0.000231 0.002936 0.002282 0.002517 -0.000211 0.001496 -0.000539 0.001009 -0.004972 -0.000670
0.001668 0.001332 0.001770 0.000704 -0.002214 0.002432 0.000187 0.000776 -0.000341 0.000648
-0.004554 -0.000573 0.002815 0.000698 0.003341 -0.002728 0.002033 0.001731 0.003745 -0.000846
0.000421 -0.000663 0.000741 0.002898 0.001485 0.003505 0.003826 0.003729 0.001249 0.003676
-0.000016 0.000106 0.000029 -0.000523 0.001876 -0.000547 0.002846 0.000412 0.002187 0.000618
-0.000322 -0.002199 0.000511 0.001560 -0.003530 -0.000119 -0.000978 -0.001610 -0.003346 0.000376
-0.003225 -0.002785 0.000684 0.001990 0.002477 -0.002591 -0.002230 -0.000578 -0.003785 -0.001014
0.000681 -0.000230 -0.002159 0.001680 0.001694 0.001919 0.007297 -0.001110 0.004543 -0.000083
-0.000210 0.001480 0.000960 0.000029 0.000280 -0.001563 -0.000229 -0.002601 -0.000098 -0.002078
0.000193 0.000175 -0.000541 0.000456 0.000972 -0.000425 -0.001625 -0.000153 -0.001425 0.001137
0.001427 -0.000850 -0.000345 -0.000728 -0.000745 0.001539 -0.001852 0.004447 0.000040 0.004857
0.000567 0.000333 0.000487 0.000975 0.000623 -0.000765 0.005432 0.000932 -0.000155 -0.000439
-0.001199 -0.001945 0.001002 0.001972 -0.001465 -0.000723 -0.000497 -0.001038 -0.000524 -0.000887
0.000134 0.001992 0.000262 0.000169 -0.000192 0.000978 -0.000439 0.002583 0.000582 -0.000152
0.000189 0.002040 -0.000413 -0.000603 0.001662 -0.000537 0.004856 0.000484 0.002602 -0.000046
0.002854 -0.001048 -0.002567 -0.001301 -0.006244 0.002469 -0.008229 0.003299 -0.003337 0.003691
-0.003135 -0.000513 0.000969 0.001246 -0.000918 -0.003496 0.000571 -0.002023 -0.001522 -0.000149
-0.001103 -0.001817 -0.000019 0.001219 -0.002930 0.002815 -0.003774 0.003628 -0.000302 0.003780
0.000398 -0.001219 0.000321 0.001227 0.002587 -0.001376 -0.000489 -0.000586 -0.000330 -0.002221
0.000367 -0.000410 -0.001769 -0.001019 -0.003246 0.002443 -0.003671 -0.001432 0.002428 -0.001542
0.001323 0.001026 -0.000634 -0.001489 -0.003739 0.000603 -0.001548 -0.000403 0.003369 0.002279
0.001184 -0.001156 -0.000261 0.000802 0.000900 0.000268 0.000380 -0.000513 0.000622 -0.000766
0.000048 0.000418 0.001112 0.001465 0.001088 0.000673 0.001240 0.003758 -0.000597 0.002332
0.000095 0.002246 -0.000695 -0.001625 0.000871 0.000174 0.002139 0.000756 0.002700 0.000177
-0.001163 -0.001549 0.001234 -0.000061 -0.000049 0.000435 -0.000648 0.000380 0.003308 0.001192
0.000423 -0.001266 0.000320 0.001104 0.002380 -0.000424 0.001153 0.000591 0.001272 0.000060
0.002137 0.002023 -0.001519 0.000153 -0.003209 0.001096 -0.000348 0.000721 0.000435 0.001215
-0.002116 0.002115 0.002818 0.000334 -0.000439 -0.003027 0.001020 -0.001141 -0.001660 -0.002131
0.001126 -0.003179 -0.000769 0.001314 0.002810 0.001135 -0.002102 0.000674 -0.003003 0.002531
-0.002579 0.001370 0.001884 -0.000921 -0.000695 0.001295 0.001302 0.000655 0.002849 -0.000515
0.000979 0.008079 -0.001452 -0.002476 -0.008442 -0.000746 -0.000408 -0.000263 0.001758 -0.000465
0.002950 0.005328 0.003686 -0.002802 0.003579 0.000131 0.001346 0.002267 0.000468 -0.004324
0.000742 0.000676 0.001960 -0.004185 0.003154 0.000984 -0.000334 0.003569 0.002121 0.002086
-0.000736 -0.004451 -0.001578 -0.001344 0.001534 0.000048 0.005151 -0.000024 0.005561 0.001492
0.001901 0.000005 0.000355 0.003378 -0.001799 -0.003123 -0.006906 -0.003540 -0.003732 -0.001751
-0.002878 0.002476 0.000955 -0.002707 -0.001426 -0.005188 -0.009106 -0.001467 -0.006110 -0.000239
0.002502 -0.000072 0.000089 -0.000134 0.007812 0.004712 0.004752 0.002360 -0.002161 0.000036
0.000704 -0.002123 -0.001079 -0.001749 -0.005353 -0.003247 -0.007472 -0.007255 -0.001712 -0.000851
0.001717 -0.002100 -0.001205 -0.001032 0.002022 0.002242 0.001762 -0.001477 0.001787 -0.001858
-0.001707 -0.001746 0.000106 0.001393 -0.002601 -0.001649 -0.001165 -0.003192 -0.003909 -0.001159
-0.000117 -0.000990 -0.001043 0.001945 -0.000179 -0.000063 0.000190 -0.000498 -0.000422 -0.001618
-0.000115 0.001238 0.000536 0.001183 -0.000950 0.001045 0.000915 0.000363 -0.002782 -0.000597
-0.002566 0.001106 -0.000313 -0.000831 0.002336 0.001608 0.007132 0.001227 0.004409 -0.000853
-0.001425 -0.002634 -0.000061 0.003630 0.001407 0.001393 0.003143 0.001912 0.001613 0.002111
-0.002207 0.000599 -0.000096 -0.000638 -0.001372 -0.001331 -0.000924 0.000627 0.000803 0.000905
0.001433 -0.000172 0.000140 0.001586 -0.000074 0.003117 0.001590 0.004067 -0.003233 0.002106
0.001463 -0.002434 -0.003461 -0.001269 -0.001881 0.001791 -0.003634 -0.003116 -0.000024 -0.000985
0.000917 -0.001799 0.000535 0.001249 -0.002128 -0.001739 -0.001440 -0.001552 -0.002268 -0.000066
0.000558 -0.001167 -0.000974 0.002570 0.001719 0.001904 0.000647 0.003123 -0.003616 0.002560
0.001229 0.002216 0.001862 -0.001262 -0.001586 0.001208 0.001326 -0.000629 0.001911 0.000064
-0.004469 -0.001048 0.002135 0.000728 0.002728 0.000031 0.001788 0.000017 0.004078 -0.001381
0.001862 -0.002691 -0.000331 0.002966 0.004044 0.003417 0.003285 0.003706 0.000622 0.004042
-0.000925 0.000336 0.001053 0.000088 0.000264 -0.002561 0.003671 -0.001282 0.000704 -0.000547
0.000282 -0.003532 0.000109 0.003567 -0.002972 0.002790 0.002576 0.002970 -0.001763 0.003827
