-0.001282 0.003976 -0.008816 -0.010223 0.002583 0.005558 0.006414 -0.006783 0.008071 0.006895
-0.010920 0.004198 -0.005180 0.002456 -0.004254 -0.012523 -0.012231 0.005019 -0.003430 -0.004978
-0.017852 -0.031360 0.022887 0.036577 0.029068 0.016020 0.001482 -0.003993 -0.019937 0.028226
-0.019374 -0.003805 -0.004626 -0.003019 -0.013678 -0.021446 -0.027610 0.004523 -0.028065 -0.048794
0.006214 -0.005278 -0.005251 -0.028616 -0.018718 0.001038 -0.011015 -0.011000 0.009212 -0.039159
-0.003128 -0.010243 0.027079 -0.002852 0.000326 0.003556 0.023498 0.005699 -0.022627 0.005440
0.004405 0.009673 -0.000140 -0.017340 -0.002591 0.010261 0.019294 -0.010262 0.009419 0.003014
-0.015118 -0.006680 -0.008797 0.018080 -0.001522 0.010099 -0.020774 -0.018717 0.021809 -0.017961
0.007207 -0.001961 0.032320 0.012141 0.006065 -0.005283 0.019070 0.020549 -0.023665 0.024657
-0.025037 -0.002989 -0.003709 0.017277 0.023320 0.004673 -0.006940 -0.010739 -0.001006 0.037593
-0.000293 0.013608 -0.009355 -0.014565 -0.002647 -0.003977 0.012854 0.001620 0.001185 0.008137
0.011951 -0.001716 -0.010316 0.006317 -0.004983 0.009084 -0.001765 -0.001900 0.023465 -0.014424
-0.004454 0.015079 -0.003336 0.014358 0.004893 -0.006515 -0.003117 0.006355 -0.001186 0.011149
-0.004311 0.005657 -0.009581 0.001051 0.008769 0.000172 -0.000390 -0.003281 0.011912 0.023485
0.027595 -0.004525 -0.011008 -0.025516 -0.016121 -0.013151 -0.008901 0.010984 -0.003028 -0.025522
0.003802 -0.025974 0.018649 0.006112 0.009274 -0.009287 -0.005311 0.014896 -0.023618 0.018290
-0.007183 -0.030388 0.001081 -0.012081 -0.014582 0.004863 -0.028594 -0.020471 -0.002155 -0.049707
-0.005989 0.006458 -0.025671 -0.005143 0.001550 -0.005284 -0.014900 -0.001926 0.013239 0.003157
0.006931 0.010381 -0.008988 -0.033223 -0.008221 0.005736 0.015570 -0.007490 0.021047 0.007289
0.004005 -0.009102 0.024822 0.021511 -0.004359 -0.001785 0.013862 0.016877 -0.004066 -0.001520
-0.013803 -0.005100 -0.026315 -0.017769 -0.011248 0.000129 -0.034403 -0.023644 0.025810 -0.026838
-0.008971 -0.005754 -0.013000 -0.007016 -0.002536 -0.007182 -0.021047 -0.007505 0.006844 -0.006886
0.023126 -0.005616 -0.004562 -0.003618 0.001407 -0.006895 0.002142 0.013478 -0.010809 -0.001369
-0.001825 -0.014621 -0.033150 -0.011194 -0.012510 -0.013173 -0.045838 -0.009573 0.015464 -0.041886
-0.022471 -0.011441 0.025537 0.059007 0.027840 -0.005027 -0.000580 0.023571 -0.031302 0.040696
-0.044099 -0.002941 0.002069 0.013981 0.028825 0.006034 -0.005645 -0.021587 -0.011698 0.042610
-0.000904 -0.001893 0.000482 0.019701 0.004762 0.001160 0.012223 0.008842 -0.008788 -0.001879
0.003037 0.018474 -0.040306 -0.000338 -0.001865 0.002468 -0.024407 -0.012655 0.029482 -0.022930
0.007751 -0.007381 0.009356 0.020230 -0.005970 -0.005121 -0.004703 0.014763 -0.010345 -0.019237
0.004378 0.008036 0.016062 0.008204 0.013726 0.012353 0.030603 0.002014 0.003273 0.037530
0.017666 0.018784 -0.005382 -0.036585 -0.025505 -0.010265 0.013476 0.010056 0.003375 -0.021357
0.001313 -0.033865 0.032540 0.008384 0.008548 0.015428 0.005463 -0.002517 -0.014672 0.009371
0.010678 0.033469 0.031684 0.018237 0.017165 -0.002566 0.056228 0.033146 -0.014367 0.072499
-0.023020 -0.018919 0.023951 0.031553 0.015835 0.012782 0.003642 -0.007232 -0.014246 0.010667
-0.011466 -0.011446 -0.001079 0.026111 0.010933 -0.002413 -0.017203 0.001107 -0.010932 0.002952
-0.007962 0.017579 -0.042190 -0.007924 0.007821 0.006023 -0.016887 -0.020692 0.018875 -0.001909
0.039164 0.022258 -0.005092 -0.001343 0.000800 -0.009138 0.020412 0.022992 -0.004356 0.011136
0.005423 0.001419 0.024454 0.023077 0.012761 0.004272 0.024906 0.015778 -0.012234 0.032888
-0.005328 -0.012046 0.007780 0.008717 0.003804 0.002111 -0.007785 0.002260 -0.005894 0.003106
0.005405 0.017553 0.036898 0.018340 0.016330 -0.003672 0.041525 0.031206 -0.033259 0.050634
0.003032 -0.013460 0.006944 -0.034851 -0.018097 -0.001584 -0.007251 -0.011509 -0.002760 -0.033070
0.002890 -0.011573 -0.024217 -0.023181 -0.010656 -0.003710 -0.026136 -0.011290 0.015821 -0.025346
-0.016742 0.016955 -0.030739 -0.041957 -0.018459 -0.004492 -0.014338 -0.024090 0.029192 -0.016641
0.011223 -0.021034 0.027959 0.015923 -0.003951 0.013570 0.010376 0.003935 0.022054 0.007584
-0.022999 0.000683 0.001206 0.018153 0.012896 0.000933 -0.005403 -0.002578 0.003007 0.030397
-0.024665 0.013256 -0.036539 -0.008489 0.014105 -0.003300 -0.026488 -0.024328 0.017072 0.018680
0.037747 -0.005610 -0.021519 -0.028282 -0.021931 -0.017021 -0.013097 0.014531 0.001230 -0.041756
-0.010261 -0.010411 0.022424 -0.006356 0.001781 -0.013861 0.004147 0.010780 -0.020665 0.025075
0.014866 0.016909 -0.009472 -0.040155 -0.013414 0.005753 0.014779 -0.011698 0.018094 -0.003995
0.011424 -0.014424 -0.001261 -0.007059 -0.019475 -0.004273 -0.013884 0.005361 0.003596 -0.041934
-0.010517 -0.008074 0.003366 0.000525 0.005250 -0.000585 -0.018358 -0.009906 -0.000900 0.008136
-0.004930 -0.010843 0.017383 0.000744 0.000465 -0.003048 0.009292 0.006455 -0.016621 0.004624
-0.018482 -0.005244 -0.003741 -0.011865 -0.000737 -0.003926 -0.021163 -0.014638 0.000719 0.000200
-0.012422 0.005179 -0.009162 -0.007343 0.003971 -0.003365 -0.007066 -0.008479 -0.006139 0.003290
-0.004158 -0.004150 -0.009007 -0.005399 0.000794 0.005849 -0.007633 -0.012702 0.009124 -0.006375
-0.009491 0.015875 0.002627 0.008105 0.000913 -0.003328 0.007655 0.001364 0.007556 0.017989
-0.002788 -0.002764 0.042192 0.048801 0.011254 0.002414 0.021468 0.024776 -0.035555 0.022073
-0.027173 0.003128 -0.010008 0.019063 0.014936 0.006944 -0.009202 -0.010336 0.005326 0.015594
0.022192 -0.004873 -0.016949 0.004573 -0.013865 -0.010358 -0.015588 0.016201 0.014518 -0.027724
0.027215 0.004411 -0.019690 -0.009854 0.004962 -0.005306 0.003110 0.010412 0.000443 0.014556
0.025379 -0.018177 -0.032771 0.000967 -0.007473 -0.009934 -0.040732 0.005309 0.009668 -0.034060
0.007215 -0.008496 0.003910 0.000387 0.001715 0.004320 0.000778 -0.001408 0.009572 0.004126
0.000797 -0.007317 0.009608 0.017056 0.008943 0.000756 0.008608 0.011002 -0.006647 0.020654
0.002375 -0.011560 -0.015049 0.000637 -0.002126 -0.000320 -0.018565 -0.002259 0.007892 -0.023125
-0.002308 0.001740 -0.005031 -0.009209 0.002052 0.003124 0.003575 -0.006602 0.006583 0.004731
0.001267 0.003039 -0.011966 0.001283 -0.011512 -0.006359 -0.013955 0.001930 0.009732 -0.023399
-0.019484 -0.021818 0.009211 0.021608 0.012887 0.011917 -0.010315 -0.010207 -0.000132 0.006538
-0.015043 -0.014144 0.001940 -0.001594 -0.014199 -0.012373 -0.021448 0.003837 -0.016812 -0.038728
0.016150 0.008924 -0.008678 -0.011851 -0.004205 0.003607 0.006576 0.000446 0.014768 -0.005084
-0.005346 -0.016473 0.012352 0.008874 0.000049 -0.000347 -0.002027 0.003751 -0.015433 -0.010489
0.004898 -0.008204 0.008737 0.012575 0.012013 0.012329 0.012590 -0.004344 -0.001072 0.011927
-0.013795 0.013229 -0.016245 0.010164 -0.006731 -0.003370 -0.016196 -0.006603 0.014040 -0.017895
0.009534 -0.003197 0.001526 0.023698 0.002977 -0.010061 -0.011636 0.018146 -0.017606 -0.004948
-0.007326 0.016453 0.015609 0.010525 0.021571 0.005268 0.027893 0.003839 -0.010574 0.055135
0.028438 0.002349 0.004814 0.003131 -0.010953 -0.013051 0.012959 0.028941 -0.012670 -0.016012
0.019416 -0.007839 0.012910 -0.000409 0.008466 -0.000452 0.012974 0.011337 -0.015430 0.021635
0.012925 -0.009824 0.005675 0.017096 0.000752 -0.002764 0.001443 0.016385 -0.011632 -0.008338
0.009738 -0.006083 -0.001374 -0.009595 -0.003813 0.007120 0.004608 -0.004251 0.015572 -0.002159
-0.002529 0.012840 -0.001275 -0.006935 -0.005026 -0.003434 0.007104 0.002881 0.006189 0.006462
0.006186 -0.027844 -0.006464 -0.006028 0.000778 0.010777 -0.012712 -0.011622 0.007647 -0.017965
