0.004963 0.009316 0.007488 -0.040541 0.012702 -0.019257 0.007134 0.017725 0.008689 0.019537
-0.003198 0.003040 0.001665 -0.004213 0.000288 -0.003562 0.000586 -0.006121 -0.002251 -0.003675
0.000671 -0.000459 0.000597 -0.021263 -0.001851 -0.016318 0.003733 -0.000462 -0.000597 0.006099
-0.002739 -0.001405 -0.007759 0.016782 0.001830 0.007667 0.005388 0.001507 -0.004833 -0.002984
0.002522 0.000463 0.000460 0.003239 0.004508 0.004328 -0.000130 0.005923 0.002572 0.002838
0.001812 -0.002602 0.006042 -0.004507 0.000357 -0.000846 0.002152 0.000710 0.001388 0.000398
-0.004243 0.003105 0.005214 0.002940 -0.009511 0.002982 0.001871 -0.009973 -0.005840 -0.008358
0.000070 -0.001192 -0.007026 0.004580 0.004299 0.001232 -0.004293 0.003278 0.002193 0.004321
0.000554 -0.004080 -0.004652 0.008394 0.000849 0.003599 -0.003443 -0.001009 0.001827 -0.002560
0.000368 0.002439 -0.001734 -0.009955 0.005212 -0.006452 -0.002371 0.006147 0.002069 0.010094
0.000741 0.002277 -0.003034 0.005533 -0.002200 0.006314 0.004182 0.004259 0.002061 -0.000305
-0.004079 0.000239 0.000525 0.003610 -0.003397 0.000302 0.003619 -0.006633 -0.005318 -0.006047
0.001321 0.001465 -0.002802 0.001468 0.001951 0.001908 0.000469 0.005790 0.001414 0.002016
-0.000756 -0.001069 -0.002190 0.004171 0.000241 0.001967 0.005610 0.002902 -0.003147 -0.001154
-0.000976 -0.005234 -0.002980 0.008138 -0.001222 0.001482 -0.000486 -0.004023 -0.002332 -0.003656
0.000513 0.001236 0.006929 -0.010087 -0.000968 -0.004536 -0.000720 -0.002954 0.001334 -0.000483
0.005215 0.010054 0.006672 -0.037012 0.003453 -0.015089 0.007442 0.016184 0.008412 0.011732
-0.007408 0.002989 -0.000709 0.003988 -0.000880 -0.000630 0.000411 -0.012338 -0.006193 -0.007915
-0.003725 -0.000132 -0.004486 -0.020817 -0.002901 -0.018367 0.000794 -0.005222 -0.001261 0.003935
-0.003802 -0.003552 -0.012894 0.029095 0.002042 0.013555 0.012145 0.003746 -0.008658 -0.004770
0.004895 -0.003283 0.002966 0.005822 0.009736 0.005953 -0.000712 0.006177 0.004868 0.003324
0.004839 -0.005992 0.003331 -0.007330 -0.001296 -0.008333 0.004471 0.003590 -0.001486 -0.001295
-0.004459 -0.000975 0.000473 0.009571 -0.009071 0.004217 0.000199 -0.011771 -0.006024 -0.010234
0.001178 0.000096 0.000998 -0.009706 0.005061 -0.005734 -0.006647 0.000428 0.005292 0.005228
0.002289 0.009363 0.007737 -0.017410 -0.001007 -0.003417 0.008537 0.010158 0.001599 0.005993
-0.000862 0.001457 0.003972 0.001671 -0.000557 0.001353 -0.000787 -0.004684 -0.001854 -0.001947
-0.004190 -0.005181 -0.004734 -0.011649 0.002139 -0.014109 -0.002288 -0.005127 -0.002393 0.002934
-0.000885 -0.002165 -0.016683 0.031105 0.015534 0.015405 0.004063 0.015152 -0.003552 0.008151
0.001167 -0.000706 -0.003538 0.000332 0.015714 -0.000851 -0.010444 0.003845 0.006246 0.008680
0.006396 -0.007368 0.006216 0.011129 0.001674 0.006890 0.006121 0.002244 0.001318 -0.002259
-0.009317 0.003413 -0.000927 0.010160 -0.012768 0.005970 0.000997 -0.014005 -0.008306 -0.011713
0.001095 -0.007127 -0.007027 -0.000985 -0.002693 -0.003980 -0.007388 -0.006753 0.005935 -0.006203
0.003537 0.009263 -0.000271 -0.019982 0.000163 -0.007302 -0.002364 0.013617 0.005138 0.011964
-0.004117 0.001467 -0.003604 0.005618 -0.000431 0.001379 -0.001745 -0.005365 -0.003323 -0.002788
0.001319 -0.000553 0.006541 -0.010693 0.002273 -0.005827 -0.000918 -0.001212 0.002097 0.004427
0.002576 -0.000567 -0.005406 0.004269 0.009121 0.002292 -0.004154 0.008669 0.003685 0.008187
-0.003469 -0.003719 -0.002512 0.008051 0.002176 0.000944 -0.001960 -0.007691 -0.002884 -0.003328
0.001906 -0.000832 0.002802 0.008232 0.001641 0.003926 0.001952 -0.000842 -0.000248 -0.000644
-0.002991 0.001958 0.000903 0.001214 -0.003028 0.001783 -0.001481 -0.003799 -0.001215 -0.002359
0.001147 -0.005500 -0.003377 0.005242 -0.003565 0.001182 0.000599 -0.002996 0.000785 -0.005892
-0.001228 -0.000013 0.008314 -0.015495 0.014195 -0.012807 0.000967 -0.002473 -0.000856 0.010982
0.003607 0.000300 0.005552 -0.002580 -0.005171 0.002824 0.004319 0.001286 0.002521 -0.008432
0.001827 -0.002112 0.000997 0.001325 0.005115 -0.001734 -0.002274 0.001884 -0.002963 0.001147
0.004859 0.000630 0.016445 -0.025121 -0.010584 -0.010181 -0.003441 -0.007325 0.006006 -0.004249
0.000744 0.003204 0.006210 -0.011672 -0.015403 -0.003667 0.004974 -0.002762 -0.001463 -0.005714
-0.002099 0.003804 -0.005987 -0.014713 0.000487 -0.010783 -0.005882 0.002844 0.000516 0.006618
0.008847 -0.003905 0.003024 -0.006578 0.007751 -0.002443 0.001422 0.011463 0.006805 0.008679
-0.002774 0.007311 0.006431 -0.002193 -0.000250 0.002092 0.004953 0.001665 -0.004530 0.002982
-0.000410 0.000670 0.000339 -0.000149 0.006909 -0.000318 0.001857 0.002830 -0.000113 0.005951
0.004404 0.002494 0.003112 -0.015560 0.006713 -0.007537 -0.004976 0.008656 0.005939 0.013090
0.003115 -0.003380 0.001871 0.000960 -0.002428 0.001730 0.006996 0.002728 0.000866 0.000693
-0.004135 0.001849 -0.001904 0.007854 0.003854 0.002856 0.000484 -0.002299 -0.004518 -0.000834
0.000881 0.002246 -0.003702 0.000635 0.003451 0.001024 0.000393 0.007222 0.000995 0.003999
-0.001306 0.000631 0.001188 0.000225 0.001986 0.004759 0.000400 0.000808 0.002140 0.001771
-0.002861 0.003776 0.005333 -0.005971 -0.003658 -0.002542 0.000660 -0.005209 -0.002930 -0.001367
0.001247 -0.003653 -0.001740 0.007008 0.000763 0.003674 0.000567 0.001100 0.000595 -0.000173
0.001909 0.003226 0.001220 -0.010032 0.003157 -0.004350 -0.002149 0.005834 0.003151 0.006593
-0.001929 0.001526 -0.001805 0.001831 -0.002958 0.000801 0.002367 -0.000610 -0.002700 -0.003091
0.000157 0.004077 -0.001019 -0.010465 0.006502 -0.006146 -0.003940 0.005252 0.002243 0.007411
0.005388 -0.001653 -0.000742 -0.004835 0.004748 -0.001745 -0.005432 0.007790 0.006661 0.006872
-0.003146 0.001216 -0.004444 -0.001401 -0.000365 -0.002508 -0.008171 -0.006242 0.001522 -0.001526
0.002207 -0.002546 0.002523 0.007404 0.001791 0.005534 0.001625 0.001138 0.001291 0.000083
-0.002562 0.001535 -0.000696 0.006445 -0.004257 0.004499 -0.000930 -0.003247 -0.002536 -0.003209
-0.001161 -0.000501 -0.003467 0.001890 -0.004257 -0.000079 -0.002357 -0.004581 -0.000212 -0.005573
0.001054 -0.002783 0.003837 -0.000399 -0.000259 -0.001037 0.000238 -0.003111 -0.000320 -0.002213
-0.003355 -0.001521 -0.003540 0.015219 -0.006841 0.009021 0.008547 -0.005155 -0.004875 -0.015053
-0.002431 0.002906 -0.002290 -0.000979 0.005576 -0.002932 -0.006427 -0.000906 -0.001815 0.001742
-0.000659 -0.000309 0.005700 -0.011486 -0.008513 -0.007141 0.000944 -0.008623 -0.000665 -0.006471
-0.000877 -0.004311 -0.000504 0.010037 -0.005999 0.004955 0.005321 -0.005528 -0.003144 -0.009371
0.002473 -0.004480 -0.003552 0.005776 0.000030 -0.002529 0.001309 0.001814 -0.002887 -0.001148
0.004405 -0.007853 -0.005380 0.013129 0.001654 0.006748 -0.000023 0.005223 0.002797 -0.000052
-0.003268 0.005635 0.007181 -0.012166 -0.007510 -0.005263 0.000829 -0.008664 -0.002139 -0.006422
0.000438 -0.005973 -0.004648 0.008044 -0.005552 0.003048 -0.000551 -0.004812 0.001123 -0.010046
-0.003589 -0.000450 -0.003547 0.002476 0.002754 -0.001181 -0.000279 -0.003852 -0.001606 -0.000459
-0.001304 0.000595 -0.002440 0.009365 -0.007911 0.006259 0.000944 -0.004470 -0.001448 -0.007463
-0.007025 0.002023 0.001709 -0.001669 -0.010190 -0.003090 0.005850 -0.013456 -0.007717 -0.011003
0.002620 -0.004656 0.002736 0.011057 -0.001460 0.007158 0.011657 0.003755 -0.003602 -0.003615
-0.001680 0.000325 -0.000169 -0.005197 -0.002643 -0.005527 0.001791 -0.001412 -0.003526 -0.002327
0.002304 -0.005021 -0.001549 0.002381 0.002277 -0.000669 0.000139 0.001278 0.001136 -0.000036
-0.000312 0.003518 0.002562 -0.006506 0.002463 -0.002452 0.000434 0.002953 0.000251 0.004565
