0.020638 -0.016934 0.003354 0.020882 -0.001564 0.000791 -0.022360 -0.011761 0.006442 0.001288
0.021918 0.007711 -0.010320 -0.004574 0.006254 -0.017856 0.010904 -0.021795 0.026653 0.001225
-0.003329 0.009074 -0.000356 0.009060 -0.003104 -0.017019 0.013129 0.020096 0.037714 -0.020976
0.004927 -0.021206 0.012532 0.007418 0.016046 0.001551 0.009137 0.025612 0.012607 -0.000731
0.028488 -0.012640 -0.006895 -0.019837 0.008166 0.010643 0.018756 0.004321 0.017460 0.006229
0.044121 0.026036 -0.046108 -0.011161 0.020400 0.006585 0.020176 -0.033697 -0.024917 0.026949
-0.024185 0.003274 -0.007050 -0.035997 0.001807 0.009121 0.014220 0.018544 -0.022174 -0.013982
0.000378 -0.007615 0.007109 -0.013389 0.019996 -0.005557 -0.002339 0.001622 -0.000400 -0.009903
0.016948 0.005231 -0.017690 -0.004002 -0.017764 -0.003756 -0.002357 0.017514 -0.007172 -0.036091
-0.013876 -0.007880 0.021123 0.022548 -0.004387 -0.018400 -0.007746 0.003980 -0.001940 -0.019895
0.002631 -0.009404 0.021923 -0.004174 -0.008406 0.018805 -0.008783 0.015371 0.004474 -0.002780
0.019976 -0.015253 0.011349 0.025928 0.019816 0.023718 0.005806 -0.022636 0.025621 -0.030592
