0.006757
0.004649
-0.007131
-0.000607
0.008020
-0.007138
0.013805
-0.010402
-0.011008
-0.013382
-0.009554
-0.000831
0.000606
0.007684
-0.001324
0.001202
-0.010152
0.000211
0.003650
0.004930
0.010534
-0.002553
0.016693
0.007008
-0.008858
-0.027066
0.004668
0.003224
-0.002267
-0.007007
-0.000267
-0.004278
-0.012991
-0.017763
-0.003421
0.021114
0.005379
-0.011304
0.010674
0.003551
-0.005238
0.006297
-0.002245
-0.016560
0.010554
-0.002778
-0.009472
-0.006004
0.007050
0.011465
-0.002812
-0.017366
0.007369
0.001228
0.006016
-0.012781
0.006353
0.007271
-0.017858
-0.002206
-0.011841
-0.019285
-0.006026
-0.009411
-0.007811
0.007133
-0.007403
-0.000370
0.007258
0.002218
0.014446
0.006959
0.000354
0.008755
-0.023630
-0.013326
-0.015206
-0.008899
-0.004644
0.020341
-0.002356
-0.009614
0.006780
0.006892
-0.001849
-0.036757
0.004477
-0.004288
0.005476
0.012313
-0.004210
-0.018156
-0.003367
-0.011986
-0.001650
0.010465
0.005855
-0.018237
0.006411
0.012206
-0.009803
-0.006028
-0.002613
-0.003449
0.000061
-0.008791
-0.008488
0.012466
-0.002691
0.008889
-0.000717
-0.005928
0.000622
0.005330
0.002355
0.003573
-0.001403
-0.003005
0.001901
0.004796
