-0.002673 0.007388 -0.006298 -0.004015 -0.007176 0.000098 -0.008636 0.008927 0.004017 0.002928
0.002164 0.001294 0.004733 -0.003567 -0.002996 0.012610 -0.009501 0.005276 0.024680 0.009607
0.000667 0.005110 -0.001366 0.002543 -0.001316 -0.000039 -0.002246 0.002228 0.000446 -0.000502
0.006106 -0.010337 0.001443 0.002657 0.001109 0.004233 0.005958 0.001033 -0.004370 0.017630
-0.005267 0.000040 0.001147 -0.006473 -0.000494 0.002477 0.005391 -0.004532 -0.004095 0.005394
-0.001629 -0.000688 -0.000987 0.000820 0.000763 -0.007688 0.004143 -0.001043 -0.005238 -0.004974
-0.009274 -0.008407 0.005575 0.000617 -0.000684 -0.008499 0.012725 -0.008698 -0.001696 -0.027983
-0.000856 0.000434 -0.001523 0.000527 0.008173 0.003098 -0.005509 -0.000704 0.000323 0.000791
0.009260 -0.001727 -0.002662 0.001372 -0.000291 -0.006967 -0.014072 -0.008031 0.005445 -0.001021
-0.000497 0.000253 -0.003215 0.000000 0.001405 -0.003303 -0.006966 0.002106 -0.002904 0.003423
0.002161 0.000866 0.000718 0.003388 -0.002540 -0.001203 0.003650 -0.001448 -0.001863 -0.003282
0.001864 -0.002791 -0.000984 0.002670 -0.000302 -0.001998 -0.000250 -0.003417 -0.008265 0.002942
0.004107 -0.001738 0.000069 0.005747 0.003099 -0.002537 -0.001867 0.004179 0.004094 -0.001041
-0.010186 0.005116 0.000914 -0.007235 0.003796 -0.005287 0.006581 -0.000911 -0.004819 0.002238
-0.007576 -0.004023 0.002572 -0.004011 -0.000654 0.003123 0.004185 -0.009683 0.004670 -0.017893
0.000435 -0.004432 0.001360 0.001718 -0.004077 -0.004885 0.005988 -0.000383 -0.001343 -0.002309
0.005500 -0.004187 0.001011 0.001974 0.003140 -0.003487 -0.004259 -0.007755 0.002016 -0.001044
-0.001039 -0.000554 -0.002830 0.001249 0.001884 -0.006281 0.001280 -0.000802 -0.010521 -0.001669
0.003140 0.004103 -0.000105 0.004534 -0.002664 -0.000009 0.001729 0.000365 -0.000607 -0.001372
-0.001137 0.002194 -0.000635 -0.000122 -0.000393 -0.001703 -0.002411 -0.000777 -0.000825 -0.003078
0.008638 -0.000127 -0.001241 0.010190 0.004196 -0.003859 -0.008829 0.008221 0.008926 -0.002974
-0.001327 0.002697 0.001241 -0.002274 0.001177 0.006908 -0.002683 0.000301 0.003281 0.004889
-0.000489 0.000885 -0.000728 -0.002244 -0.000178 0.004598 -0.002665 -0.002039 0.003099 0.000516
-0.000076 -0.001594 0.001048 0.000323 -0.003045 -0.002939 0.003782 0.000511 -0.000631 -0.000995
-0.006131 0.004938 -0.003249 -0.003511 -0.003607 0.003528 -0.000482 0.009670 0.001057 0.004211
0.002962 -0.000546 0.006387 -0.001784 -0.002780 0.010231 -0.000212 0.002884 0.017359 0.006926
0.001018 0.002955 -0.000390 0.003114 -0.002253 -0.001187 0.001212 0.000275 -0.002280 -0.002251
0.012352 -0.020276 0.000007 0.006854 0.000595 0.004364 0.010350 -0.002658 -0.016450 0.030254
0.003072 -0.000894 -0.000250 0.002740 0.004083 -0.000155 -0.002638 0.002161 0.003598 0.004931
0.000911 -0.000266 0.000250 0.001596 0.000027 -0.001760 0.000693 0.000503 0.000830 -0.005556
-0.006358 -0.002827 0.001523 -0.004029 0.000548 0.005154 0.001642 -0.008122 0.005465 -0.012301
-0.000617 0.000764 -0.000910 0.002259 0.008197 0.002661 -0.004669 0.000443 -0.000600 0.002122
0.008758 0.001231 -0.004082 0.000546 -0.003167 -0.007480 -0.015622 -0.005680 0.005879 -0.002113
-0.001714 0.002859 -0.006886 -0.001635 0.001576 -0.002541 -0.020753 0.005374 0.003416 0.006385
-0.000012 0.004222 -0.001099 0.001203 0.000047 0.000664 -0.002983 0.002910 0.002325 0.000736
0.000607 -0.001177 0.000848 -0.000909 0.000904 0.002624 0.000600 0.002895 0.004885 0.003566
-0.001467 -0.000170 0.000076 -0.001578 -0.000986 -0.000098 0.001917 -0.000441 -0.001752 0.001365
-0.005346 0.001554 -0.000063 -0.002664 0.001763 -0.005725 0.004885 -0.001501 -0.005564 0.000061
-0.005773 -0.008355 0.005981 0.004895 -0.002121 -0.016571 0.015480 -0.003908 -0.007718 -0.025897
0.000384 -0.001961 -0.000235 -0.000873 -0.001427 -0.000152 0.000931 -0.002059 0.000893 -0.002353
-0.002521 -0.002320 0.006186 0.001644 0.003600 0.003076 0.013493 -0.002426 -0.004092 -0.003090
-0.000024 -0.002242 -0.002079 0.003949 0.000391 -0.009532 0.010841 -0.005182 -0.020030 -0.009238
-0.001056 -0.002255 0.000181 -0.002332 0.000882 0.000520 -0.000563 -0.001088 0.000902 -0.000027
-0.004781 0.007990 0.000165 -0.003051 -0.000803 -0.001269 -0.002975 0.001499 0.008041 -0.013382
-0.001390 -0.005723 0.001185 -0.000552 -0.001442 0.000294 0.006648 -0.005351 -0.002365 -0.003032
-0.000876 -0.001179 0.000314 0.001127 0.000172 -0.009260 0.004700 0.000294 -0.002961 -0.007055
0.008730 0.003479 -0.003257 0.004695 -0.000610 -0.004779 -0.003837 0.009843 -0.006165 0.018523
0.000198 0.001052 -0.000028 -0.003458 -0.003748 0.000729 0.000484 -0.000816 0.002157 -0.001090
-0.010831 0.003341 0.003631 -0.001546 -0.000635 0.008378 0.017772 0.009856 -0.006886 0.000285
0.000641 -0.000401 0.001125 0.000733 -0.001312 0.001189 0.003126 -0.002050 0.000027 -0.003317
-0.004829 -0.012992 0.002043 -0.009407 0.005407 -0.000233 0.000824 -0.004219 -0.000022 0.002029
0.004863 -0.008848 -0.000944 0.003242 -0.000336 0.001101 0.007347 -0.004302 -0.008964 0.006221
-0.012565 0.000525 0.001591 -0.015621 -0.005916 0.006320 0.011723 -0.012802 -0.012329 0.005076
0.003969 -0.005031 -0.001689 0.004385 -0.002517 -0.007797 0.001852 -0.000384 -0.003886 -0.004604
0.005347 0.002736 -0.002202 0.002555 0.000596 -0.001101 -0.003451 0.006281 -0.002556 0.013408
0.000599 0.001802 -0.000872 -0.000564 0.001058 0.002995 -0.003023 -0.000680 0.000816 0.001115
0.003183 -0.004229 0.005483 0.002711 0.004474 -0.001125 0.006001 -0.008557 -0.000551 -0.003999
-0.000605 -0.002239 -0.005288 0.004530 0.001747 -0.014070 0.006233 -0.003970 -0.025563 -0.007811
0.001380 0.001730 -0.000042 0.001753 -0.001546 0.000264 0.000699 -0.000570 0.000356 -0.001795
-0.001951 0.003527 -0.000272 -0.001253 -0.000853 -0.000921 -0.001513 0.000384 0.003389 -0.006992
0.004996 -0.007023 0.000470 0.006991 0.002415 -0.002544 0.001263 0.000329 0.004191 -0.003555
-0.004596 0.001510 0.001337 -0.001581 0.002008 -0.008796 0.006067 0.000069 -0.003346 -0.005756
0.004733 0.000757 -0.001579 0.003189 -0.001242 -0.004620 -0.000749 0.004546 -0.004408 0.007432
0.000237 -0.001126 0.000684 -0.002862 -0.005363 -0.001524 0.003411 -0.001050 0.001723 -0.002383
-0.009381 -0.002901 0.007889 0.001099 0.005470 0.008711 0.023439 0.003604 -0.009200 -0.000435
-0.001572 -0.000863 -0.001983 0.002096 0.001387 -0.006834 0.009131 -0.004861 -0.015017 -0.008502
0.000049 -0.006093 0.001326 -0.003649 0.002788 0.001315 0.000872 -0.002011 0.001281 0.003504
-0.004548 0.006849 -0.001221 -0.001907 -0.000817 -0.002785 -0.002228 -0.002366 0.002423 -0.015327
-0.001570 0.004453 -0.000791 -0.003498 -0.002699 0.001632 -0.003924 -0.001276 -0.000015 -0.001805
0.011682 -0.004607 -0.000489 0.006205 -0.004027 0.015139 -0.012305 0.000636 0.007596 0.008677
0.016209 0.009793 -0.007699 0.005251 -0.000190 0.000519 -0.013616 0.017246 -0.005522 0.040043
-0.000097 0.004040 -0.000693 -0.003575 -0.001979 0.003011 -0.002549 0.000113 0.002121 0.000955
0.001923 0.000296 -0.001024 -0.000008 -0.000429 -0.001486 -0.004012 -0.000973 0.001908 0.000425
0.001014 -0.000588 0.000008 0.000306 -0.000175 -0.000487 -0.001821 0.001324 -0.000115 0.002914
0.001414 0.003256 -0.000250 0.003425 -0.002667 -0.000928 0.001526 0.000290 -0.001452 -0.002730
0.003079 -0.004606 -0.000083 0.002004 0.000052 0.000500 0.001055 -0.000534 -0.004603 0.007985
0.005801 -0.003829 -0.000072 0.007541 0.003557 -0.002711 -0.001917 0.003710 0.005018 -0.001305
-0.005464 0.002775 0.001168 -0.003143 0.002166 -0.005396 0.004977 0.000199 -0.001722 -0.003854
-0.001118 -0.001333 0.000087 -0.000294 -0.000952 -0.000580 0.001360 -0.001842 -0.000175 -0.003632
0.000046 -0.000722 -0.000050 -0.000318 0.000081 0.000098 0.000133 -0.000679 0.000685 -0.000721
