-0.022327 0.029051 -0.059443 0.071240 -0.058897 -0.053209 -0.011021 -0.005701 -0.015556 0.008932
0.008146 0.010306 0.090206 0.016726 -0.076962 -0.041957 -0.039805 -0.044677 -0.023590 0.017335
0.047074 -0.053168 0.020107 0.034452 -0.007523 -0.011993 0.067856 0.001346 0.010620 0.035542
-0.022017 0.013210 0.011516 0.035828 0.026885 0.055841 -0.035695 0.045567 0.046069 0.024884
-0.105162 0.008988 -0.021989 0.023117 -0.068421 -0.026396 0.047468 -0.042500 -0.065098 0.016196
0.086413 -0.018988 0.049669 0.006498 -0.022694 0.027197 -0.012165 0.012802 0.050388 0.032872
0.001668 -0.066625 0.005507 0.014064 0.026947 0.030288 0.018971 0.025225 0.068728 0.028201
0.009640 0.114562 -0.058345 0.025758 -0.037372 0.007465 -0.047731 0.001316 -0.004236 0.021446
0.033368 -0.066503 0.008265 0.028818 0.041605 -0.044024 0.000626 0.004753 -0.062165 0.104070
0.025151 0.076662 0.029743 -0.026632 -0.072451 -0.007172 -0.033787 -0.047483 0.017600 -0.036333
0.028696 -0.068352 0.025812 0.000108 0.106403 0.016434 0.002612 -0.022382 -0.008005 0.006659
0.067674 -0.043094 -0.003324 0.027735 0.045482 0.005199 -0.035516 0.006697 0.012278 -0.063375
