-0.008785
0.016452
-0.018334
0.013643
0.026187
0.013955
-0.014726
-0.014986
-0.008641
-0.012310
0.007318
-0.010827
-0.008041
-0.001787
-0.015786
0.003365
0.019254
-0.000521
0.011582
-0.004056
-0.010376
0.012626
0.026286
0.005431
-0.002512
0.010788
0.019977
0.004363
-0.007850
0.011846
-0.006540
0.004993
0.006094
0.007018
-0.005024
0.000912
-0.027974
0.010693
0.006382
0.008146
0.025472
0.004593
-0.012827
-0.023941
-0.011637
-0.008018
0.019663
-0.009275
-0.005312
-0.029837
-0.036825
0.011919
0.000945
-0.019085
-0.009886
0.008058
-0.002479
-0.041770
0.020193
-0.012090
-0.002732
-0.031605
0.010909
-0.010319
-0.018485
-0.012369
0.000428
0.011552
0.014137
0.006467
0.001422
-0.001627
0.001959
0.007017
0.015524
-0.002328
0.001568
-0.011350
0.007388
0.007885
-0.004346
-0.004016
0.009861
0.002986
-0.008127
0.021272
-0.003358
0.004857
0.030985
-0.003036
0.016416
0.001894
-0.015415
0.011232
0.014116
0.006299
-0.004447
0.040734
-0.013570
0.018302
0.018558
0.013584
0.006019
-0.002792
-0.014242
-0.018098
-0.006506
-0.001883
-0.021856
-0.008031
-0.016154
0.002538
0.013686
0.017052
-0.008924
-0.009980
-0.014549
-0.031455
-0.000026
-0.002352
