0.023937 0.013998 0.130754 0.202418 -0.016916 0.022605 -0.009324 0.135318 0.020667 -0.266266
-0.046812 -0.146850 0.111646 0.208299 0.080600 0.009897 0.235970 0.052210 -0.002304 -0.220626
-0.160761 -0.019669 -0.017492 0.109645 0.123584 0.129379 -0.350514 -0.229838 -0.309669 -0.107053
-0.095679 -0.294472 -0.163769 0.189209 0.036902 -0.239531 0.109788 0.095084 0.002442 -0.132411
-0.098498 -0.176376 -0.036271 -0.174781 -0.221670 0.090040 0.097529 -0.089738 0.219738 -0.129238
0.105082 0.504976 -0.097294 -0.253632 0.082194 0.026722 0.303943 -0.169505 -0.270607 0.279760
-0.032475 -0.095490 -0.208376 -0.071150 0.090104 -0.083116 -0.147957 0.046926 0.080387 0.049729
-0.256457 -0.098109 -0.059160 0.182653 -0.011193 -0.014797 0.085105 0.276826 -0.040289 0.069928
-0.202368 0.172534 -0.193615 -0.291346 -0.160759 0.101157 0.008619 0.106599 -0.126907 0.079455
-0.143163 -0.033961 -0.241178 0.175056 0.035590 -0.191929 0.084939 -0.279680 -0.216036 0.077385
0.121287 0.068775 0.183327 -0.013078 -0.368495 -0.026642 -0.174647 -0.345246 0.072556 0.121242
-0.191461 -0.179460 -0.023670 -0.221251 0.084973 0.047784 -0.248240 -0.191297 0.184767 -0.109375
0.164964 -0.080526 0.334546 0.034110 -0.047753 0.153279 -0.237756 0.180651 0.247700 -0.291199
-0.056788 -0.080615 -0.196276 0.248281 0.182534 -0.093805 -0.186573 0.107624 0.102149 -0.307119
-0.005604 0.189493 0.227052 -0.170622 -0.344755 0.149347 0.280963 0.098958 0.009016 0.066591
-0.187527 0.178396 -0.275633 -0.000289 0.027116 0.197694 0.043331 -0.046176 0.016741 -0.152867
-0.006025 -0.028739 -0.013000 -0.168927 -0.182690 -0.043832 0.044783 0.208077 0.049973 0.092478
-0.057733 0.001335 -0.108208 -0.347096 0.059841 0.013105 0.027239 0.182740 -0.116059 0.123665
-0.185644 0.022728 0.150820 -0.122720 0.161887 0.037437 -0.279114 -0.115902 -0.092981 0.016619
0.042888 0.020501 0.073506 0.035047 -0.155592 0.020908 -0.496227 -0.013713 -0.214050 -0.286412
-0.173496 -0.233028 0.110695 0.185574 0.421499 -0.496739 -0.163930 -0.072353 0.219209 -0.187035
-0.141028 0.063937 -0.190830 -0.106101 -0.118653 -0.110699 0.292648 0.222125 -0.002671 0.083027
0.249467 0.306499 0.030739 0.079268 -0.052776 0.251494 0.059405 -0.211443 -0.177041 0.169082
0.015680 0.162221 -0.169824 -0.103765 0.473548 -0.078740 -0.270414 -0.097114 0.237884 0.201191
-0.064195 0.058677 -0.109114 0.092045 0.059479 0.219804 0.145797 0.206238 -0.183972 0.105540
0.125725 -0.170015 -0.089200 0.097700 0.156413 0.039773 -0.028986 -0.029294 0.185117 0.030733
0.167872 -0.173313 -0.192616 -0.119349 0.342081 -0.073190 0.183044 -0.036617 0.013989 -0.280165
0.259105 0.017893 0.309257 -0.228426 0.069907 -0.002923 -0.095647 -0.029693 0.048151 0.181844
0.071346 0.001078 0.338578 -0.097743 -0.261422 0.083953 -0.130417 -0.092084 -0.358985 0.155985
-0.003367 0.298142 -0.047291 0.022902 0.067614 -0.015308 -0.189918 0.120509 0.235431 -0.331154
0.139303 -0.026448 -0.035736 0.191741 0.000593 -0.157510 0.085222 0.074614 0.081712 0.192645
-0.193286 -0.019760 -0.103440 0.265383 -0.080410 -0.144545 0.107870 0.010382 0.019722 0.047139
0.068013 -0.116720 0.181968 0.141636 0.063973 -0.016714 0.072296 0.088309 -0.187315 0.053167
0.069754 -0.130750 -0.135545 -0.054923 0.052367 0.145904 -0.096628 0.085359 0.051227 0.143345
0.106023 0.029011 0.014674 0.062006 -0.065306 0.152491 0.053285 0.106499 -0.163832 -0.331131
0.014008 0.081817 0.066594 0.192965 -0.021339 -0.025966 -0.250837 0.250197 -0.092819 -0.167729
0.169076 -0.180400 -0.033379 0.106525 -0.484322 -0.193300 0.331654 -0.199466 -0.067117 -0.153011
0.103701 0.092459 -0.008812 0.093649 0.165201 -0.110772 0.109560 -0.014676 -0.051547 -0.130889
-0.100476 -0.120145 -0.287843 0.016465 0.223222 -0.092709 0.011305 0.062610 -0.114327 -0.114436
-0.029327 -0.061318 -0.145440 -0.123957 0.180206 -0.123138 -0.192792 -0.066282 0.164326 -0.120406
0.462839 0.259742 0.065117 0.194474 0.002695 -0.289520 0.060431 0.200948 0.062789 0.218173
0.043889 0.239268 0.128353 -0.355735 0.309013 -0.190893 0.131426 0.117946 -0.054004 -0.113240
0.093540 0.124604 -0.097683 0.077225 0.430387 -0.200870 -0.306070 -0.099564 -0.056417 -0.057299
-0.147962 0.029656 0.011951 0.231904 -0.219262 0.466009 -0.000193 -0.077501 0.271995 0.185899
0.015342 0.164786 0.059342 0.080365 0.320171 0.051504 -0.099238 -0.019852 -0.086248 -0.091898
-0.006205 0.005683 -0.127512 -0.224398 -0.021728 -0.088549 0.212713 0.038193 -0.038079 0.063710
0.153931 0.152760 -0.324598 0.288309 -0.142449 -0.224336 -0.001855 -0.127022 -0.026342 -0.234781
0.309352 -0.282705 -0.077356 -0.197760 0.062693 0.322963 0.023320 0.066052 -0.100967 -0.117306
-0.134252 0.166434 -0.005334 0.109080 -0.187720 -0.232979 0.169794 -0.069822 -0.200613 0.158812
0.093891 -0.007522 -0.256397 -0.004007 0.086287 0.478728 0.260566 -0.159726 -0.054923 -0.198994
0.007751 0.093361 0.019359 -0.187741 0.024292 0.037493 0.017711 0.012110 -0.195295 -0.152782
-0.095690 0.219635 0.086733 0.013415 0.108792 -0.235166 0.167576 0.118014 0.071010 -0.109039
-0.085084 0.015742 -0.179474 -0.164289 0.336784 -0.146543 -0.106004 0.158618 -0.141136 -0.222850
-0.173784 -0.029225 -0.237106 -0.107535 0.211018 -0.056473 0.025094 -0.045854 -0.140967 0.072362
-0.111659 -0.172366 -0.157105 -0.193322 0.135583 0.092803 -0.012141 0.351211 0.037937 -0.225381
0.311092 -0.011300 0.224631 -0.030280 -0.006815 0.185351 -0.088967 -0.026222 -0.094223 -0.067390
-0.062911 -0.086415 0.276547 0.410005 -0.053791 0.183916 -0.052662 -0.142857 -0.213925 0.098417
-0.030849 0.305903 0.081731 -0.092500 0.017225 -0.134558 -0.133348 -0.204448 -0.224092 0.114506
0.116022 -0.101074 -0.149146 -0.236433 0.324576 -0.061764 -0.003640 0.121628 -0.038136 0.006812
-0.350218 0.078098 0.099321 0.255285 0.180963 0.280931 0.143215 0.160186 -0.138854 0.163869
0.182612 -0.013306 0.073294 -0.307456 -0.165914 -0.085550 0.038595 0.183987 0.239207 0.031193
-0.117363 -0.016932 0.001699 0.009054 0.010283 -0.194428 -0.072128 0.005205 0.002374 0.170145
0.414823 0.086412 -0.110150 0.083537 0.200947 0.143503 -0.283888 0.037871 -0.008086 -0.047145
-0.004536 -0.099665 -0.120974 -0.047466 -0.119073 0.007784 0.106910 0.131417 0.232788 0.141189
0.001196 -0.135189 0.035151 -0.145043 0.311786 0.037203 0.328731 -0.047727 0.019357 -0.216498
0.278412 -0.221288 0.237681 -0.101606 0.188563 -0.161746 -0.068802 0.125737 0.215006 0.217836
0.395458 -0.173498 0.134710 0.130915 0.027946 0.113619 0.002146 -0.164978 -0.237602 -0.039536
0.117316 -0.203815 0.150551 -0.189036 -0.324977 -0.091419 -0.179597 -0.118009 -0.114589 0.232548
-0.035168 -0.206806 -0.060239 -0.367954 -0.117684 0.093977 -0.040643 0.065035 0.186002 0.122648
-0.013321 -0.054636 -0.107861 0.203669 0.040970 -0.038834 -0.260993 0.163459 -0.209842 0.137681
-0.005263 0.054412 -0.104542 0.278383 -0.235184 -0.378207 0.239474 -0.188236 0.275711 0.093048
0.027360 0.063331 -0.180566 -0.103611 -0.416584 0.030664 0.044000 -0.151615 -0.038585 0.278707
-0.077995 -0.032544 -0.065007 0.048204 -0.118742 0.097435 0.072646 0.101654 0.236740 0.041651
-0.138110 0.102010 0.106105 0.018055 0.059359 -0.128302 0.196754 0.131451 -0.034662 0.026688
-0.041263 -0.050340 0.138945 -0.009147 0.094689 -0.036735 -0.021645 -0.115650 0.111853 0.099703
-0.055140 -0.207301 -0.034730 0.122777 0.007563 0.142979 0.219958 -0.121155 -0.132364 -0.054086
-0.285108 -0.029239 -0.019442 -0.018581 -0.040727 -0.011145 -0.025566 -0.204959 0.010279 -0.079483
-0.309861 -0.112459 0.109821 0.220334 0.146631 0.191873 -0.061683 -0.191926 -0.283250 -0.214196
-0.007612 -0.081061 -0.095794 -0.015602 0.057338 -0.347148 0.237958 0.118887 -0.251099 -0.165264
-0.150678 0.164407 -0.040911 -0.282988 0.149050 -0.096612 -0.030428 -0.131090 0.147261 -0.105472
