0.241655 -0.228614 -0.178184 -0.046957 -0.030232 -0.184500 0.106640 -0.230210 -0.056052 0.061934
0.267671 0.193448 -0.027747 -0.055798 -0.281259 -0.001345 0.107144 -0.025258 0.077133 0.000593
-0.223780 0.054770 -0.255663 0.126468 -0.100007 0.067125 0.163085 0.243882 -0.046724 0.016581
0.129599 -0.004859 -0.322442 -0.136558 -0.269398 -0.052508 0.055488 -0.127955 0.238871 0.174415
0.101776 -0.161990 0.031776 -0.002772 0.149083 0.234654 0.089541 0.225229 0.109619 0.345040
0.256797 0.171979 -0.216155 -0.035567 0.421245 -0.233602 -0.085227 -0.093150 -0.037861 0.153136
0.186259 -0.216586 0.086612 0.037296 0.011164 0.219156 -0.155045 0.097835 0.045368 0.224578
-0.182852 0.057544 0.253224 0.132673 -0.136641 -0.119758 -0.168194 -0.023519 0.396551 0.033765
0.122189 0.007139 0.451138 -0.029705 -0.103728 -0.375554 0.051514 -0.122073 0.141946 0.002199
-0.185821 -0.080353 0.141777 0.102590 0.240116 0.264531 0.030171 0.116730 -0.062876 -0.003493
0.178795 0.486150 0.011604 0.317661 0.011880 0.045875 -0.084330 -0.225952 -0.007345 0.206015
-0.032254 -0.111765 -0.052608 0.066526 0.022544 -0.299674 0.024701 -0.332730 0.035041 0.280941
-0.065918 -0.136452 -0.021900 -0.136232 0.091340 0.082587 0.064013 0.170130 -0.350491 0.123709
0.200710 0.079415 -0.098895 -0.113203 -0.041084 -0.049179 -0.036282 -0.119113 0.160455 -0.269155
-0.174190 -0.144933 -0.120257 -0.002884 0.035925 0.032585 0.198501 0.035911 0.151792 -0.430118
-0.245469 -0.088399 0.151416 -0.060867 -0.126892 0.071872 0.075052 -0.145470 0.045482 0.181466
0.168197 -0.013696 -0.076025 0.610355 0.252295 0.303482 -0.012607 -0.163224 0.030464 -0.014151
-0.090945 -0.085319 -0.278791 -0.277118 -0.054015 -0.074245 0.034992 0.284956 -0.116810 -0.137820
-0.057904 -0.032813 0.056519 0.031654 -0.251643 -0.112420 0.063147 -0.185000 -0.207788 -0.040195
-0.003807 0.283173 0.246443 0.123323 0.130417 0.201308 -0.001795 0.253185 -0.065330 0.024231
-0.278650 0.248496 0.029356 -0.196303 -0.087447 -0.080432 -0.174879 0.237903 0.217039 0.103931
-0.135404 -0.050672 -0.085870 0.099263 -0.236051 -0.080133 0.008215 0.004999 0.025649 0.080425
-0.013429 -0.315510 -0.199746 -0.024263 -0.254917 0.384662 0.096606 0.045434 0.021515 -0.030278
0.345183 -0.073638 -0.307889 -0.174480 -0.077546 -0.179595 -0.072402 0.139462 -0.043610 -0.168015
0.114057 -0.302071 -0.207737 -0.003753 0.227704 -0.007681 0.165850 -0.064676 0.022430 -0.280121
-0.097585 0.072004 -0.271172 -0.010177 -0.179625 0.158423 0.075671 -0.047958 0.013644 -0.183907
-0.073983 -0.014764 -0.414976 -0.043271 -0.168159 -0.370943 -0.213878 -0.166241 0.094102 -0.003003
0.065938 -0.433312 0.183707 0.073244 0.288239 0.161462 -0.212210 0.249735 0.170164 -0.020245
0.083278 -0.014672 -0.265495 0.118437 0.135201 -0.200676 0.439101 0.309693 -0.340227 -0.019469
-0.039610 -0.032871 0.002840 0.335823 0.082606 -0.087029 -0.129195 0.103710 -0.073951 -0.354135
-0.128698 -0.147967 0.336644 -0.096551 -0.108471 0.227138 0.002367 -0.002077 0.043571 -0.201924
0.055046 -0.267439 0.202419 -0.239642 -0.090032 -0.028519 -0.067028 -0.233190 0.164575 -0.144955
-0.020816 -0.277924 0.008139 0.310214 0.133686 -0.268704 -0.182083 0.088159 -0.024891 -0.050024
-0.121970 -0.017617 -0.012339 0.164023 -0.248633 -0.172673 0.024696 0.110466 -0.131156 0.052589
-0.000137 -0.051241 0.184040 -0.011174 0.048199 -0.072396 0.022091 0.129629 0.011263 -0.008508
-0.094574 0.035217 0.059585 -0.359662 0.179043 -0.256212 0.013845 0.255313 0.191241 0.116159
-0.253153 -0.083704 0.061743 -0.042010 0.032389 -0.388385 0.279462 0.199919 -0.232548 0.349198
-0.154940 0.160268 -0.165222 0.233452 -0.018597 0.151267 0.252242 -0.067133 0.080365 0.139059
-0.072881 -0.064589 0.163425 -0.014761 0.064818 0.094742 -0.085154 -0.260429 0.045843 0.009562
-0.048366 0.087893 0.088906 0.139701 -0.340144 0.068050 0.059454 0.084670 0.013412 0.249116
-0.039517 -0.233599 0.275716 0.146823 0.227948 -0.031826 0.125054 0.008874 0.113202 0.133335
-0.222011 -0.247282 -0.194099 -0.109150 0.025425 -0.247460 -0.271421 -0.040422 0.010354 -0.170906
0.008956 -0.027636 0.011022 0.287116 0.258800 0.069362 -0.238787 -0.064175 0.245961 0.116443
0.039959 -0.066516 -0.014608 -0.078813 0.083775 0.272572 -0.019761 -0.019284 0.086490 0.017621
-0.305881 -0.222392 0.043217 0.124902 -0.296027 0.134788 0.191800 -0.002865 0.060640 0.122768
-0.147579 -0.310272 0.369324 -0.068277 0.286528 -0.179588 0.030772 -0.157102 -0.038301 0.153880
0.072021 0.031662 0.093737 -0.175830 0.127609 0.054568 -0.086405 -0.113814 0.063451 0.128074
0.109136 0.012010 -0.144333 -0.112678 -0.266102 0.464331 0.020483 -0.123093 -0.041293 0.098857
0.176745 0.011922 0.081166 -0.056707 -0.004468 0.085261 -0.043737 -0.008253 0.046601 0.052598
0.018324 -0.194867 0.198543 0.102025 0.435768 -0.059250 -0.195179 -0.047856 -0.088454 0.023105
-0.258304 -0.308509 -0.292106 -0.142833 0.082027 0.229015 -0.101389 -0.134119 -0.004627 -0.318476
0.086869 0.045630 -0.367753 -0.004863 -0.106961 0.014149 0.385982 0.079184 0.163061 0.029686
0.087198 0.047878 -0.082878 0.014092 -0.132273 0.008100 0.213377 0.043556 -0.127647 -0.021034
-0.162079 -0.120812 0.119201 -0.157283 0.244255 -0.255738 -0.010814 -0.068683 -0.071346 0.042291
-0.241819 0.426336 0.110071 -0.073821 -0.070453 -0.076501 -0.088093 0.106831 0.033436 -0.050656
-0.077317 -0.062736 0.053735 0.088799 -0.193530 -0.325793 -0.055114 0.218993 -0.058417 0.244026
-0.075630 0.194100 -0.312129 0.280816 -0.210014 0.372524 -0.187811 -0.092975 -0.061922 0.031849
0.032355 -0.350629 0.006874 -0.290547 -0.125905 0.050499 -0.134413 -0.055030 0.197972 -0.020843
0.063871 -0.136290 0.095300 0.112139 0.042487 -0.226949 -0.191987 -0.124941 -0.175651 -0.067135
-0.261015 0.341547 -0.021673 0.117821 0.095097 0.041925 0.148338 -0.107214 0.080212 0.242234
0.265220 0.033241 0.163174 -0.078484 0.139204 0.110321 0.130794 0.164112 0.145736 0.007703
-0.153299 -0.073182 -0.154543 -0.035937 -0.042390 0.018712 0.081042 0.248916 -0.106902 0.269647
-0.035549 0.080054 0.017845 0.072920 -0.178851 -0.051140 0.152205 -0.000966 -0.219267 -0.026636
0.130366 0.024276 -0.290027 -0.429338 0.207223 -0.165610 0.032154 -0.255512 0.150519 0.014758
0.061995 0.375164 -0.233873 0.042645 -0.058216 -0.138075 0.072825 0.013477 0.279352 0.029696
0.124609 -0.097042 -0.079213 -0.039829 0.069806 -0.138701 0.170061 0.240067 -0.138754 0.011917
-0.068912 0.042184 -0.314550 -0.080620 -0.015001 -0.079285 -0.202836 -0.068515 -0.294289 -0.170249
-0.350237 -0.156608 0.289224 -0.173533 0.054853 -0.085179 0.059501 0.159717 0.128309 0.351618
0.367897 -0.035683 -0.321924 -0.074410 0.469422 0.236581 -0.114156 0.379390 0.187865 0.089326
0.087728 0.097471 -0.004701 0.207356 0.059644 -0.032025 0.173037 0.055575 -0.056409 0.198426
0.212019 -0.225276 0.023089 0.187281 0.172196 0.172704 -0.114935 -0.097736 0.083488 -0.275746
-0.306592 -0.011268 -0.232493 -0.048878 0.049906 -0.392294 -0.095035 0.181281 0.052746 0.163472
0.189195 0.142929 -0.195929 -0.249805 0.053780 -0.149104 -0.164259 -0.359450 -0.026343 -0.098081
0.038695 0.071545 0.277751 -0.071805 -0.016684 0.032639 0.209697 -0.096593 -0.086565 0.244733
0.003464 0.293575 -0.089233 -0.143615 0.125936 0.114401 0.216268 -0.139890 -0.163577 0.113754
0.175418 -0.172831 0.187817 -0.128564 0.088327 -0.016021 -0.137750 -0.288293 0.042731 0.082139
-0.052233 0.287538 0.128986 0.371654 -0.208764 0.008076 -0.039463 -0.117462 0.011258 0.216432
-0.278105 0.184111 -0.072942 -0.199647 0.051402 0.248427 0.010183 -0.215288 -0.057692 0.240650
-0.099029 0.165531 0.194491 0.168566 -0.034351 -0.135454 -0.163742 -0.127504 0.065119 -0.058374
0.025798 0.074009 0.155038 0.139327 -0.102640 0.202375 -0.134377 0.140507 0.122023 -0.224256
