0.009963 0.085732 0.145895 0.040665 -0.031864 0.063188 -0.014464 0.090247 -0.277945 0.094771
-0.031861 0.372159 0.517825 -0.131929 -0.010130 0.200005 0.037670 -0.248045 0.004067 0.078829
-0.391730 0.143033 0.011327 -0.180391 0.037290 -0.214697 0.136263 -0.183179 -0.346047 0.206395
0.255064 0.029820 0.137189 0.094035 -0.040183 0.012423 -0.044616 0.071562 -0.125160 -0.056034
0.032817 -0.150156 0.235676 0.109051 0.019951 -0.138148 -0.002500 -0.131460 -0.141092 -0.004639
0.105194 0.209476 0.139296 0.064928 -0.070606 0.055029 0.032327 -0.089892 0.166201 0.361970
0.028849 0.020290 -0.040005 -0.172782 0.370281 0.033430 -0.002247 -0.208272 -0.212769 -0.214012
-0.250736 -0.058304 -0.128046 -0.036316 0.385032 -0.142453 -0.180505 -0.180413 -0.241134 -0.012225
-0.088020 0.259014 0.137287 -0.054377 0.232100 0.381839 -0.000890 -0.030322 0.039447 -0.207899
0.106692 -0.070320 -0.153530 0.008595 -0.307670 -0.126789 0.049468 -0.087328 0.130174 0.016940
0.153537 0.001351 -0.162611 -0.124776 -0.223366 -0.196169 0.063095 -0.035610 -0.250811 -0.168989
-0.170278 0.053249 0.246166 0.171870 -0.010656 0.007144 -0.021175 0.074373 0.253609 0.205905
-0.076876 -0.067340 -0.082107 0.099589 -0.043417 -0.347399 0.236700 -0.137889 -0.219604 0.162129
0.305288 0.132196 0.346503 -0.295375 0.067226 -0.231189 0.049273 0.102385 -0.113015 -0.097926
0.017063 -0.076230 0.123945 -0.163421 0.146834 -0.110468 0.044571 -0.084041 0.220767 -0.198055
0.125498 -0.360778 -0.172544 -0.043085 0.322095 -0.089934 -0.040193 -0.104552 0.028109 -0.193820
-0.014315 0.154748 -0.060268 0.114666 0.254533 -0.026146 -0.036250 -0.283227 -0.139635 0.182599
0.160105 0.227699 -0.278985 -0.234808 -0.125970 0.241774 -0.024723 0.109157 0.091998 -0.309610
0.169300 0.163803 -0.221970 0.255619 0.243649 0.149603 -0.269071 0.113278 -0.228468 0.000795
-0.001629 -0.040250 -0.023010 -0.114861 0.437478 -0.172376 0.088118 0.124038 0.045589 0.066351
0.198699 0.001241 0.029376 0.400527 0.095792 -0.206577 0.153930 -0.048368 -0.346847 -0.122606
-0.118080 -0.022873 0.019143 0.289041 -0.100172 -0.071387 0.050237 -0.370706 0.011189 -0.187431
-0.023435 0.030802 -0.174934 -0.211327 -0.245955 0.310335 0.341308 -0.219596 0.256671 -0.243631
-0.136283 0.387948 -0.535699 -0.134737 0.072249 -0.113412 0.297130 0.108631 -0.048862 0.005703
0.207450 -0.027050 -0.365666 -0.246662 0.150546 -0.131058 0.062730 -0.058902 -0.119117 0.096166
-0.000265 -0.111331 -0.208274 -0.143086 0.160593 -0.355943 -0.261366 -0.079021 0.091407 -0.047422
0.067697 0.201339 0.066950 -0.046893 0.167331 0.157770 -0.169903 -0.052007 -0.226513 0.234756
-0.196339 -0.050426 0.234885 -0.124686 0.032854 0.256601 -0.048747 -0.303331 0.086212 -0.020492
-0.312548 -0.001805 -0.020870 -0.389208 0.019126 0.128635 0.089414 -0.080423 0.046405 0.025303
-0.010516 -0.137160 0.270588 -0.189367 0.080015 -0.082173 -0.332174 -0.505763 0.081771 -0.117561
0.038602 0.159899 0.323211 -0.048989 0.055755 -0.156896 -0.013992 -0.355629 0.051632 -0.095332
0.016198 0.196070 0.113188 -0.240494 -0.010815 -0.217017 0.010225 0.185041 -0.073510 0.147871
-0.237922 -0.011615 -0.108331 -0.032876 -0.183249 -0.051091 0.061592 0.076900 -0.047174 -0.228654
-0.007758 0.099352 0.369145 0.231049 0.035403 -0.016430 0.030844 -0.523374 0.223339 -0.154780
0.013883 0.087375 -0.189960 -0.002329 0.120627 -0.175087 -0.287401 -0.142190 0.084736 0.098386
0.158188 -0.105978 -0.174066 -0.206671 -0.124818 0.140091 0.110953 -0.038935 0.240008 -0.212955
0.506330 -0.266637 -0.187460 -0.050987 -0.267632 -0.181173 -0.120362 0.137067 -0.204611 0.108892
-0.066846 -0.118502 -0.013119 0.183370 -0.057457 0.121529 -0.278846 0.411884 0.143839 0.049101
-0.182927 -0.023564 -0.096313 0.028545 0.202692 0.285887 -0.131532 -0.070781 -0.141931 -0.030589
-0.086294 0.073688 0.050587 0.179726 -0.078127 -0.057447 0.432889 -0.177185 -0.049260 0.139380
0.049227 0.088493 0.046389 -0.003878 0.208564 -0.061209 0.024262 0.016908 0.011465 0.097609
0.104879 -0.021558 -0.339287 -0.021523 -0.019721 0.123490 -0.080319 -0.158946 0.150309 -0.007595
-0.015291 -0.216674 -0.024537 0.246180 -0.004759 -0.090903 -0.038772 0.381900 0.100898 -0.010702
-0.044472 -0.149819 0.266805 0.000966 0.086371 0.139397 -0.122013 -0.054495 0.048492 0.038931
0.064293 -0.113293 0.261669 0.171262 -0.165054 0.049176 -0.089588 0.210042 0.379543 -0.309755
0.083839 -0.118671 0.198661 -0.024841 0.406408 -0.049318 -0.057371 0.309747 -0.427487 0.039871
0.167829 -0.151527 0.275783 0.149785 0.048109 -0.253355 0.175742 -0.022713 0.109083 0.075357
0.162181 0.056276 -0.104559 -0.165206 -0.213523 0.176489 -0.188773 0.046257 0.015062 -0.094859
0.059421 -0.270338 0.029507 0.029108 0.180802 0.088118 0.020205 0.091189 -0.182358 -0.061903
-0.260459 0.286997 -0.101999 -0.199066 0.006571 0.074764 -0.023845 -0.027911 0.143585 0.002576
-0.007331 0.212747 -0.026824 0.219260 -0.304331 0.053341 0.156004 0.039440 0.103257 0.069715
0.187082 0.146054 0.244826 -0.047064 0.093745 -0.025428 0.075220 0.018775 0.227353 -0.199613
0.152627 -0.059931 0.000918 0.196174 0.126755 0.068063 0.029005 0.147572 0.160838 -0.043261
-0.043220 -0.212695 -0.178991 -0.095729 -0.104168 0.127367 -0.123746 0.061230 0.234191 -0.057065
0.318776 0.012289 0.038601 -0.070921 0.193452 -0.241037 -0.383129 -0.176086 0.097774 0.116214
0.261211 0.246706 0.047092 0.189396 -0.261310 -0.195257 0.070027 0.093509 -0.226808 0.077059
0.230524 0.128768 0.070046 -0.035454 0.358465 -0.043212 0.098158 0.057824 -0.370820 0.393549
0.080154 0.265010 0.145887 -0.141635 -0.189194 0.075466 0.041065 0.114810 0.005019 -0.080639
0.139789 0.028388 -0.023593 0.103258 0.060539 -0.102548 0.205932 -0.042079 -0.114260 -0.012131
-0.160074 0.102918 0.237233 -0.236107 -0.185715 0.117372 0.090958 -0.100761 0.271973 0.240633
0.173365 -0.065549 -0.104274 -0.088592 -0.034427 0.010960 -0.100539 -0.077680 0.144788 -0.339975
0.024997 0.050130 0.116292 -0.104418 -0.289542 -0.255684 0.346146 -0.009324 -0.274288 0.117611
0.063488 0.180401 -0.068068 -0.240439 0.089521 0.041357 0.083326 -0.198066 0.146803 0.095558
0.043997 -0.189694 0.098038 0.171872 -0.098293 0.067700 -0.119400 0.057890 0.182954 -0.000557
0.055471 -0.005087 0.102709 0.292498 0.167071 0.145290 -0.205497 0.202986 0.176526 0.220228
-0.217536 -0.237321 -0.130594 -0.037287 0.358853 -0.044614 -0.015117 0.394603 -0.196494 0.000697
0.059990 0.138699 0.034905 0.037176 -0.226408 -0.013748 0.195575 0.254671 -0.150658 0.092929
0.034585 -0.096215 0.162233 0.018358 0.315409 -0.006372 0.114966 0.147925 0.002742 -0.046456
0.132205 -0.216047 -0.166064 0.157690 -0.081335 0.001342 -0.132773 0.155921 -0.143645 -0.073367
-0.033572 -0.359903 -0.113552 -0.011905 0.063245 -0.086050 -0.084457 -0.182987 0.120410 0.039594
0.128033 -0.114698 -0.192986 0.216816 -0.133310 0.014549 -0.164413 -0.160679 0.095060 0.097244
0.096648 0.141401 -0.125881 0.296691 -0.069695 0.053481 -0.113302 0.100785 -0.151851 -0.097405
-0.171656 -0.143375 0.118191 -0.112790 0.053257 -0.166058 0.032422 -0.038683 0.188803 0.020181
0.206919 0.052914 0.052999 -0.083520 -0.011057 -0.061919 -0.252117 -0.008263 -0.310742 -0.064069
-0.107719 0.020630 -0.013748 -0.148830 0.048250 -0.232739 -0.332141 -0.005697 0.137380 0.287067
0.274728 0.175952 -0.309700 0.255204 0.291693 -0.216955 0.184296 -0.061704 -0.072821 -0.061555
0.011714 -0.238350 -0.023643 -0.043971 -0.020505 0.044318 -0.063665 0.362648 0.005639 -0.293418
-0.193408 -0.060643 -0.147049 0.141923 -0.064785 0.251632 0.094978 0.083186 0.263840 0.000658
0.046416 0.033177 0.399133 0.072772 0.096377 0.059418 0.332443 -0.027901 0.114024 0.282767
-0.178021 -0.042244 -0.244042 0.032314 -0.087668 -0.142714 -0.082631 -0.039605 0.066667 -0.052124
