-0.147184 -0.124042 0.099448 -0.069891 -0.042528 0.212051 0.352483 -0.013386 -0.078244 -0.143848
-0.134593 -0.035062 -0.145285 -0.079410 0.197577 -0.514428 -0.072610 0.088434 -0.202643 0.075913
-0.092767 0.008582 0.238396 -0.174677 -0.235823 -0.374633 0.144374 0.035377 0.172573 0.007523
-0.075113 -0.044889 -0.184949 -0.122810 0.061052 0.062200 0.079590 -0.271072 -0.024145 0.010847
0.037028 0.082466 -0.038198 0.015899 -0.170338 -0.307347 -0.003821 0.290857 -0.163065 0.060130
-0.145843 -0.265776 -0.200689 -0.153179 -0.030922 0.040097 0.148326 -0.691146 -0.427501 0.257005
-0.041572 0.071425 -0.191480 0.007679 -0.352730 -0.205232 0.153362 -0.347932 0.082050 -0.088157
0.147266 0.015836 0.229445 -0.153010 0.011241 -0.100792 -0.044100 0.005113 -0.124854 -0.049598
-0.006333 0.136159 -0.016310 -0.389002 -0.351969 -0.093480 0.207847 0.081388 0.432148 -0.201906
-0.073767 -0.389362 -0.111558 0.249454 0.208007 -0.078812 -0.141582 -0.133772 0.312883 -0.101948
-0.098162 -0.123992 -0.553008 -0.204677 0.028597 -0.121634 0.023793 -0.261669 -0.213337 0.142717
-0.079310 -0.010139 -0.024202 -0.409972 -0.115385 0.177120 0.072085 0.046573 0.096071 -0.262013
-0.301240 0.387820 0.136990 -0.352883 -0.022546 0.438639 -0.095776 -0.182494 -0.289439 -0.124110
0.247181 -0.214090 -0.203104 -0.028654 0.111777 -0.057532 -0.095225 0.160465 0.112299 -0.066558
0.062051 -0.435185 -0.218683 0.052378 0.277172 -0.242675 0.192064 0.091575 -0.343086 -0.143109
0.029254 0.127850 -0.060473 -0.164738 0.207601 -0.180586 -0.077450 0.014609 -0.138347 0.122198
0.236191 -0.127234 0.165247 0.013024 0.251129 0.292155 0.078838 0.012816 -0.156420 -0.018719
-0.044721 -0.141217 -0.190525 -0.030617 0.064319 0.095803 -0.109808 0.311247 -0.056151 -0.144244
0.215529 0.202484 0.146260 0.044539 0.139975 -0.163405 0.134299 -0.206004 -0.232791 -0.116150
0.009569 -0.187266 -0.034492 0.032563 0.235029 -0.165970 0.005644 -0.050188 0.167399 -0.236465
-0.078742 -0.052810 0.078295 -0.361094 -0.040529 0.088092 0.186714 -0.345215 -0.011293 -0.216496
0.080694 0.030347 0.425125 -0.008072 -0.002791 -0.029764 0.097774 0.079910 -0.061047 -0.029745
0.020112 0.057007 0.018494 0.180436 -0.023501 -0.036957 0.133326 -0.255185 -0.226321 -0.046436
-0.024213 -0.049955 0.133459 0.111134 0.039630 -0.113079 -0.333346 -0.071750 0.007090 -0.098898
0.017137 -0.047310 0.189581 -0.174900 -0.094405 0.020807 -0.046566 0.068700 0.022611 -0.099481
-0.013221 0.021715 0.161336 -0.170072 -0.349779 -0.150867 -0.042424 -0.149950 -0.137593 0.061433
-0.126356 -0.073297 -0.057731 0.063484 0.123077 0.087280 0.102761 0.047506 0.067425 0.368588
0.089172 0.050984 0.184354 0.156271 0.241748 -0.149377 -0.116079 -0.061185 0.123820 -0.046004
0.199156 -0.207890 -0.057809 -0.276210 -0.266353 0.049982 -0.045787 0.061787 -0.244769 -0.047768
0.088966 0.071261 -0.317892 0.258195 0.049606 -0.069078 -0.215874 0.054150 -0.090483 -0.182941
-0.385612 0.231528 0.017622 -0.026434 -0.170061 0.056168 0.111470 0.075728 0.274939 -0.179425
-0.159532 -0.263930 -0.044780 0.041233 0.381443 -0.200107 -0.175244 -0.083296 -0.026296 0.068158
0.082663 0.035256 0.020588 0.376452 0.264997 -0.336304 -0.228744 -0.064279 -0.103073 -0.142850
-0.067378 -0.115578 0.149398 -0.229144 -0.301402 -0.015470 -0.052991 0.318275 -0.024609 0.090018
0.141712 0.017477 0.454010 -0.190319 -0.092207 -0.132705 -0.040506 -0.250759 0.165593 -0.158217
0.077965 -0.037916 -0.347148 -0.019397 0.057399 0.338502 -0.267189 -0.221873 0.212746 -0.044784
-0.030107 0.186837 0.183609 0.011368 0.011115 0.077931 0.102635 -0.072302 -0.203754 -0.094067
0.123761 0.135206 0.064726 -0.259045 -0.123750 0.081455 -0.039989 0.001293 0.297651 -0.061718
-0.031798 0.010703 0.068017 -0.225290 0.078359 -0.217287 0.328574 -0.189894 -0.044698 -0.047103
-0.133429 -0.135191 0.004179 -0.313743 0.057533 0.396034 0.481272 0.284584 -0.067518 -0.166184
0.133379 -0.040486 0.119166 -0.220996 0.406444 -0.019637 0.409863 0.117503 0.081778 0.078212
-0.292857 0.036478 0.210422 -0.035703 0.177381 -0.081434 -0.006625 0.193333 -0.136613 0.084949
0.310089 0.042535 -0.205504 0.436343 0.359914 -0.218015 0.207615 -0.216555 -0.017065 0.098367
0.189711 -0.002013 -0.138595 0.234157 -0.286267 0.072356 -0.048129 -0.165552 -0.000150 0.154443
-0.046403 0.032960 -0.451031 0.213336 -0.320711 -0.088628 -0.142250 -0.252278 -0.059425 0.408763
-0.111599 -0.048043 0.000052 0.115830 -0.070102 0.189985 0.076779 -0.075158 -0.002519 -0.014435
0.255126 0.128277 -0.167464 -0.098192 -0.054800 0.016635 -0.085628 0.058678 0.104066 0.065550
0.015143 0.034336 0.111154 0.102070 -0.074165 0.026478 -0.313698 0.258681 -0.095793 -0.046397
0.090799 -0.135721 0.021186 -0.037351 0.248156 -0.226340 0.219309 -0.033696 0.053104 0.115906
0.074908 -0.158137 -0.289136 0.233705 0.141964 -0.075786 0.221872 -0.155178 -0.072948 0.036285
-0.119513 0.000271 -0.082099 -0.171303 -0.142804 0.075664 0.072786 -0.200572 0.034757 -0.440682
0.210006 -0.118124 0.003873 -0.021293 0.328262 0.082470 0.083832 -0.037808 -0.148265 -0.051986
-0.080265 -0.146435 -0.051613 -0.205790 -0.279040 0.166521 0.170916 0.099648 0.026290 0.092236
0.121004 -0.277223 -0.003357 0.083664 -0.122469 -0.135782 -0.178330 -0.004772 0.083885 0.198674
-0.308384 -0.082351 -0.267062 0.363443 -0.208983 0.029752 0.015197 0.055782 0.123462 -0.289363
0.153316 -0.105124 -0.118684 0.066155 -0.023099 -0.025387 -0.194138 0.157132 -0.161666 -0.066495
-0.067492 -0.183300 -0.250815 -0.109551 0.080266 -0.258721 0.086877 -0.025744 -0.373400 0.033972
0.181844 -0.101315 -0.201285 -0.218925 -0.137836 -0.239373 -0.164407 -0.238589 -0.025750 -0.212227
-0.120215 -0.079369 -0.234083 0.062126 0.203801 0.211388 -0.060721 0.050709 -0.082381 0.052725
-0.221542 -0.099695 -0.205392 0.008508 0.170540 0.460085 0.034378 0.026122 0.090678 0.212089
0.231814 0.025979 -0.114116 0.146221 -0.028906 -0.129875 -0.293578 -0.023848 0.142087 -0.271699
0.121696 0.176865 -0.557752 -0.094628 0.109526 -0.012187 -0.033164 0.029154 -0.117554 -0.036279
-0.515401 -0.004982 0.179288 -0.120958 -0.073563 0.174102 0.203849 0.068440 0.107741 0.122938
-0.074282 -0.025373 -0.249753 0.031772 0.196796 0.012456 0.074680 0.194537 0.039804 -0.153097
-0.258206 0.389015 0.062493 -0.026089 -0.177804 -0.127669 0.302143 -0.160702 0.122869 -0.267280
-0.034021 0.185824 0.048132 -0.015881 -0.069001 0.170262 -0.174547 -0.163190 -0.258189 -0.072831
0.231738 0.012601 -0.021237 -0.252715 -0.092681 0.162746 0.122106 0.007307 0.002680 -0.084185
0.167996 0.117013 -0.037952 0.157137 -0.277271 0.039985 -0.083091 0.172576 0.213906 0.167093
-0.009743 -0.021371 0.219021 0.042580 0.074928 -0.024200 0.158612 -0.045574 0.099932 0.001243
-0.177047 0.188130 0.049805 -0.109313 -0.125953 0.234535 -0.079727 -0.199356 -0.200091 0.143708
0.159873 0.023137 0.070324 0.105732 -0.095418 -0.155632 0.158981 0.206546 -0.022666 -0.147531
-0.149029 -0.014397 -0.255586 0.298132 0.001683 -0.218281 -0.071814 0.132535 0.134637 0.009198
-0.016942 -0.178145 0.129645 0.010806 -0.049065 -0.099857 -0.007588 0.183414 0.177696 0.121549
-0.010000 -0.113763 0.106269 -0.001337 -0.236969 0.300938 -0.030956 -0.048882 -0.016019 0.025236
-0.252647 0.026118 -0.049729 -0.005047 -0.474198 0.119524 0.134936 -0.062264 -0.007553 0.304354
-0.022498 -0.136811 0.226113 0.297170 0.424889 -0.128275 0.047364 -0.086034 -0.012933 -0.131596
-0.001473 -0.092470 0.322014 0.055220 0.043200 -0.256805 -0.276087 -0.028088 -0.382777 -0.187412
0.003585 -0.231129 -0.192829 -0.130407 0.155166 -0.046441 0.338957 -0.141898 0.165028 0.056180
0.201224 0.030470 0.130663 0.080760 -0.101855 -0.297812 -0.087030 -0.154497 -0.124908 0.203220
0.013536 0.085101 -0.121141 -0.078882 -0.056009 0.238783 -0.006662 0.100074 -0.038488 -0.174617
