-0.064355 0.449574 0.027634 0.165723 0.230149 0.122854 -0.168819 -0.272673 0.112518 -0.001727
0.155257 0.022811 0.288485 0.126885 0.171592 0.193082 0.237630 -0.381204 -0.189310 0.360052
0.117933 0.367646 0.010964 -0.180953 0.083088 -0.197588 0.003295 -0.049063 0.365021 -0.056443
-0.053515 0.078629 0.036039 0.237766 0.000213 -0.071434 -0.129738 0.262785 -0.395739 -0.240451
-0.077067 -0.099835 0.238222 -0.044495 0.362786 0.007750 -0.026986 -0.045048 0.161374 0.012616
-0.144469 -0.045000 -0.263395 0.079636 -0.224171 -0.051683 -0.031658 0.343888 0.044116 -0.121916
0.054657 0.241519 -0.038036 0.040651 0.430344 0.015559 0.070059 0.108968 -0.227557 -0.227886
-0.167518 0.041830 0.140407 0.162757 -0.203537 0.087865 -0.138523 0.171333 -0.083657 0.203060
0.018397 -0.174393 -0.103270 -0.160256 0.001205 -0.072680 0.060852 0.208007 0.217421 -0.097203
-0.030979 0.092725 0.136168 -0.232698 -0.203923 -0.094752 0.096204 -0.243618 0.144226 -0.032227
0.029800 0.001000 -0.124373 -0.005290 -0.172672 0.565379 0.155611 0.073279 -0.023871 0.062951
0.048064 0.179793 -0.451008 -0.001015 -0.342898 0.132190 -0.199046 0.046191 0.117309 0.024497
0.059453 0.136823 -0.022868 0.028143 0.254261 0.413021 -0.210845 -0.106024 -0.069484 0.068768
-0.067256 -0.179863 0.180366 -0.022951 -0.021805 -0.100981 0.085734 -0.027830 -0.068775 0.151739
-0.198841 0.243377 -0.079619 -0.168211 -0.015800 0.108213 0.171625 -0.259840 0.002165 0.273404
-0.187591 -0.129529 -0.089728 0.238759 0.008884 -0.241188 0.108079 -0.267023 -0.217090 -0.141584
0.169017 0.215612 0.147600 -0.274102 0.042444 0.066769 -0.033969 -0.170801 0.072976 0.126794
-0.224861 -0.019256 -0.010129 -0.083711 0.227589 -0.073003 -0.154574 0.141211 -0.079521 0.157377
0.113537 0.093765 0.066527 0.108328 -0.091683 -0.036412 -0.080204 0.246947 0.177713 0.102988
-0.087535 -0.391639 -0.060437 -0.114961 0.028318 -0.081586 0.133751 0.125971 0.070056 0.229424
0.162224 -0.359102 0.269284 0.163844 -0.275191 0.090324 -0.073042 0.072844 -0.217900 0.095638
-0.103047 -0.006671 0.316537 -0.013109 0.249475 -0.011372 -0.076577 0.283201 0.148214 -0.221641
-0.032731 -0.206602 -0.078364 -0.135488 -0.140982 -0.156144 -0.155531 0.139454 -0.253315 0.017840
0.118488 0.074420 0.067624 -0.136844 -0.005705 -0.003916 0.091733 -0.043726 -0.394783 0.078478
0.215958 0.064724 0.018769 0.154132 0.086048 -0.071634 -0.271843 -0.275767 -0.071141 -0.144344
0.111609 0.324522 0.173523 0.204504 0.103897 -0.082790 -0.092749 -0.061801 0.058919 -0.148851
-0.028881 -0.188948 0.067066 0.071158 -0.004190 0.190181 -0.135836 -0.398964 -0.039884 -0.224860
-0.053752 0.043419 -0.121150 0.117558 0.095614 -0.046283 -0.353592 0.002827 0.135569 0.007972
0.005466 0.055412 0.084110 0.029528 -0.210911 -0.328933 0.056435 -0.040464 0.029994 0.154194
-0.114648 0.255483 -0.054836 0.105283 0.058947 0.145937 0.072276 0.174692 -0.267300 -0.251465
0.370498 0.062776 -0.008091 0.102119 -0.183412 -0.000599 -0.058565 -0.029789 -0.089229 -0.169847
-0.029068 -0.223488 -0.280647 -0.111310 -0.042992 -0.104430 0.105833 -0.202936 0.122658 0.036223
0.007888 -0.111546 -0.112173 0.191183 0.114895 0.072141 0.110738 -0.157798 -0.095830 0.072866
0.096096 0.004122 0.125439 0.113110 0.057588 0.227963 -0.686527 0.105242 0.307205 -0.078795
-0.334563 -0.198185 -0.256710 0.526484 0.091415 -0.102983 -0.067713 -0.002720 -0.064978 -0.011506
-0.110382 -0.007306 -0.003574 -0.059497 0.116675 0.122592 -0.186194 0.175501 -0.001582 -0.032540
-0.022350 0.093850 -0.163178 -0.061904 -0.356751 -0.203737 0.097065 -0.064029 -0.218323 -0.086743
0.039794 -0.049439 -0.346048 0.010238 -0.205323 0.279571 0.040317 0.305287 0.213065 0.006416
0.080156 -0.070157 -0.015820 -0.029073 0.178593 0.068083 -0.137881 -0.048912 -0.062712 -0.271813
-0.089782 0.015573 -0.015564 0.260013 0.001686 -0.008003 0.256867 0.082667 0.166724 -0.179247
-0.076159 -0.140822 -0.325506 -0.210213 -0.025987 -0.067106 0.034239 0.049253 -0.085464 0.172307
-0.048860 0.207343 0.176701 0.231929 0.013037 -0.018620 -0.034170 0.208486 0.020013 -0.013270
0.110355 -0.183906 0.074886 -0.018978 -0.233133 -0.255715 0.083666 -0.076746 -0.102762 -0.103357
-0.099789 -0.077903 -0.040149 0.084425 -0.129786 0.026807 -0.174599 0.040100 0.125846 -0.182930
-0.026251 0.025394 0.154993 0.153626 -0.246225 -0.111212 0.041382 0.084028 -0.059230 -0.017882
-0.162483 -0.046900 -0.267366 -0.079584 0.113331 -0.194347 0.283931 0.205381 0.050290 0.257014
0.129116 -0.015298 -0.079719 0.202539 0.286799 -0.021748 -0.040906 -0.257750 0.223759 -0.407836
0.188336 0.335073 0.275837 0.316654 0.096840 -0.105619 -0.176318 -0.063869 -0.100932 0.018694
-0.113807 -0.219241 0.099742 -0.059763 0.048132 0.057285 0.000689 -0.144000 -0.111894 0.216578
-0.089671 -0.290875 0.292939 0.131823 -0.074298 -0.079885 -0.089787 -0.419942 -0.225246 -0.028057
0.174108 -0.124407 0.085352 -0.143297 -0.079538 0.046077 0.198353 0.021508 0.007334 -0.140459
0.100844 -0.218276 -0.209273 -0.085109 -0.096080 -0.068176 -0.199121 0.158427 0.095664 0.122619
0.002170 0.086094 -0.276060 0.173604 0.099902 -0.045568 0.065943 -0.010922 0.147556 0.205648
0.018416 0.088960 0.149485 -0.056637 -0.224160 0.235219 -0.254264 0.087161 0.150831 -0.087101
-0.088494 -0.073375 0.137794 0.087351 -0.080338 -0.194428 0.031051 0.107348 -0.096538 0.116698
-0.238221 -0.040689 0.283447 -0.025506 0.285907 0.751506 -0.414789 0.029593 0.052628 0.061882
-0.030432 0.115431 -0.116103 0.027208 0.080516 0.115464 0.044073 -0.278688 0.063498 -0.154983
-0.038364 -0.246358 0.246345 -0.016683 0.159713 0.281998 -0.086046 0.081317 -0.068666 -0.227650
0.022704 -0.191071 -0.215591 -0.186119 0.127413 -0.130704 -0.030271 -0.147371 -0.315896 -0.150347
0.141565 -0.109212 -0.089314 0.033445 -0.021229 0.219155 -0.248217 0.150625 0.013277 -0.252763
0.065513 0.249430 -0.083457 0.299731 -0.018640 -0.166414 0.231217 -0.064618 -0.051473 0.080456
-0.136198 0.070492 0.157575 -0.016166 0.164491 -0.062489 -0.022156 0.140929 -0.367191 -0.185496
-0.053148 -0.275123 -0.139163 0.084007 0.131900 0.287638 0.218853 0.139543 0.131699 -0.124893
0.135359 -0.413905 -0.059953 0.368376 -0.170728 -0.110267 0.049386 0.166096 0.207318 0.337748
-0.080924 0.155910 0.186604 0.009143 0.139782 0.148954 -0.015076 -0.140747 -0.112314 0.008955
0.027478 -0.201070 0.073099 0.098489 -0.184802 -0.279933 -0.011424 -0.100538 -0.058507 -0.254138
0.028938 0.133751 -0.156702 -0.253031 0.271717 0.030950 -0.173187 0.254288 -0.252433 -0.220491
0.226661 -0.158190 -0.005855 0.111905 0.056588 -0.041297 0.178626 -0.090738 -0.028509 -0.000340
-0.143719 0.159410 -0.035527 -0.063311 -0.244889 -0.074417 -0.177167 -0.241625 -0.136542 -0.262407
0.152338 -0.307201 -0.076522 0.294716 0.159611 0.286335 0.174527 -0.049371 -0.356456 -0.039198
-0.321392 0.271752 -0.142397 0.423500 0.165739 -0.225918 0.147526 0.074288 -0.006037 0.009929
0.028348 -0.021129 0.040289 0.193260 -0.085890 -0.018478 0.169174 0.191580 -0.135833 0.236953
0.161038 -0.171352 0.095609 -0.182731 -0.058581 -0.041671 0.116302 0.139657 -0.036804 0.241757
-0.089265 0.032358 -0.077497 0.050574 -0.427382 0.031953 0.069348 0.239813 -0.062742 0.105837
-0.441597 0.106843 -0.288469 0.299963 0.173202 -0.140338 -0.177855 -0.097391 -0.206097 -0.178229
-0.218992 0.142372 0.020939 -0.080829 0.090609 -0.517629 0.412060 -0.133180 0.202426 0.000471
0.071525 0.091886 0.138432 0.104157 -0.153052 0.228938 0.029829 0.004583 -0.145958 -0.098761
0.120072 -0.220385 -0.061421 0.129091 -0.185777 -0.151081 -0.185682 -0.009617 -0.281212 0.193153
-0.128117 -0.048096 0.414908 0.112871 -0.215078 -0.219044 0.142515 -0.024649 -0.610660 0.074317
-0.317419 0.084477 0.121870 -0.047510 0.097858 -0.165728 0.251284 0.264261 -0.133522 -0.202543
