-0.417049
0.365949
-0.072460
-0.260328
-0.186994
-1.320563
-0.320365
0.141308
0.179552
0.363979
0.033278
0.652334
-0.826114
0.034572
1.538348
0.479181
0.089045
-1.341728
0.717916
-0.220663
0.612792
-0.889692
-0.728390
0.583213
-0.199539
-0.228987
-0.168068
0.792059
0.976317
-0.036286
0.025391
0.455237
-0.320272
-0.113308
0.012245
0.115313
0.260918
-0.233064
-1.338126
0.798858
-0.166406
0.215338
-0.098193
-0.540637
-0.815915
0.420454
-0.486327
-0.276521
0.294063
-0.184176
-0.450091
0.324393
-0.585805
-0.490856
0.299615
0.261340
-0.345730
-0.460207
-0.785774
0.536846
0.909542
0.612089
0.685796
0.398549
0.345316
-0.368750
0.115940
-0.023485
-0.110270
-0.040258
-1.009411
0.400753
0.258866
0.122756
0.158487
1.226155
-0.168798
-1.212910
0.780026
-0.641136
-0.290295
0.036607
-0.953522
0.109264
0.407065
0.727285
0.610777
0.230926
0.499461
0.375337
0.829856
-0.051656
0.670707
0.261152
-0.238714
-0.095030
0.437460
0.524294
-1.058345
0.544514
-0.185466
-1.148054
-0.339717
-0.106061
0.284384
-0.427952
0.489745
-1.082885
0.281744
-0.009397
-0.471816
0.393091
0.284826
-0.019473
-0.365900
0.331687
-0.126584
0.920458
-0.134336
-0.131852
