0.249384 -0.161587 0.004039 0.151288 0.192846 -0.027244 0.077615 -0.143378 -0.004354 -0.274159
0.394780 -0.116814 0.232402 0.154059 0.417481 -0.007422 0.215343 -0.100305 -0.048539 -0.161729
-0.126893 0.171533 -0.146282 -0.098624 -0.065712 -0.068034 0.199974 0.022838 -0.135128 0.025294
-0.318011 -0.119698 0.016911 0.355447 0.082420 0.038744 -0.058927 0.227633 0.227091 0.205542
-0.115178 0.062977 0.215169 0.372639 0.242623 0.105897 -0.228471 0.054714 0.083883 0.083169
-0.282348 0.214925 -0.024303 -0.032560 0.088426 -0.252577 -0.026556 0.191346 0.223757 0.195102
0.378109 0.120234 -0.144016 -0.085835 0.127614 -0.205387 0.158158 -0.004189 0.023668 -0.018643
0.421255 0.232402 0.162011 0.053259 -0.028840 -0.116857 -0.191348 -0.119509 -0.296257 0.287398
-0.173811 0.123276 0.325426 0.198458 -0.393810 -0.178915 0.034246 0.274391 0.210141 -0.065790
0.066401 -0.165792 0.069290 0.164100 -0.065635 0.119031 0.048423 0.091844 0.016464 -0.022858
0.224470 -0.316609 -0.234174 -0.316063 -0.155122 0.088017 -0.159354 0.037665 0.006112 -0.026337
0.403531 0.086869 -0.050053 0.110920 0.098402 -0.011889 0.069949 -0.059827 -0.005389 0.362942
-0.163217 0.213983 0.129985 -0.229814 0.020995 -0.193149 -0.152281 -0.241061 0.226491 0.147410
0.004699 -0.001489 0.149288 0.077409 0.180476 0.081396 -0.245057 0.075659 0.147738 0.113157
-0.182008 -0.301813 0.086998 0.271124 0.096560 -0.052161 0.010382 0.392384 -0.271804 0.228460
0.181803 0.025830 0.237200 0.492030 0.017329 0.011877 0.171979 0.005134 -0.047655 -0.100544
0.169584 0.252201 0.107881 0.199777 0.051223 0.089558 0.294316 0.107323 -0.030487 0.235683
0.254258 0.177390 0.073742 0.102840 0.113533 0.062612 -0.161641 -0.146875 -0.176873 0.242898
-0.059846 -0.126398 0.036466 -0.334524 -0.126808 -0.249630 0.087114 -0.133810 0.117821 -0.065498
0.060572 -0.096793 0.132289 0.088966 0.056846 0.189520 -0.312306 0.137336 0.213470 0.027698
0.058095 0.003509 -0.327519 -0.177828 -0.117908 0.090722 -0.073238 0.141329 0.069722 -0.167523
-0.104545 0.016532 -0.212472 -0.028011 0.091114 0.233141 0.076351 0.025947 -0.070360 0.098846
0.032308 0.202245 0.067574 -0.270100 -0.210813 0.089976 -0.122713 -0.100797 0.153078 0.074659
-0.031566 0.173173 0.088474 -0.117316 0.016724 -0.025867 0.164330 -0.128104 0.203479 0.023697
-0.384799 -0.431380 0.185349 -0.340494 -0.045412 -0.149099 0.168257 -0.227987 -0.096324 -0.168677
0.086902 0.121689 0.016266 0.019285 -0.009397 -0.254622 -0.178966 0.144037 -0.047522 -0.143925
0.323300 -0.015928 0.048282 0.110154 0.322042 0.121312 -0.047026 0.009496 0.427473 0.056189
-0.056077 0.031949 -0.023798 0.064350 -0.126263 0.275259 -0.228599 -0.014261 -0.086364 -0.268701
-0.086455 -0.185698 -0.335528 -0.036338 -0.221080 -0.148463 -0.172278 0.031256 0.218041 -0.482611
0.123756 -0.044371 0.036291 0.220386 0.191027 0.129271 -0.056009 0.142206 0.001043 0.063357
-0.039429 -0.087591 0.094034 -0.002109 0.040795 0.066005 -0.207172 -0.143237 0.389432 -0.174451
0.024297 0.163677 -0.284650 -0.323558 -0.018298 -0.389871 0.216678 -0.345339 0.113834 -0.146833
0.139760 -0.124274 -0.227492 -0.224052 0.033918 0.008195 0.026628 -0.050617 0.069022 0.067240
-0.258148 0.200128 -0.257018 -0.136577 0.077205 -0.197043 -0.127809 -0.271101 0.337526 0.027066
-0.078202 -0.068291 -0.060581 0.195581 -0.274901 -0.125014 0.121171 -0.019658 -0.086393 -0.032206
-0.101057 -0.201483 0.367963 -0.294003 -0.116040 -0.200028 -0.075858 -0.178340 -0.094880 -0.108677
-0.096671 0.367876 0.249845 -0.250834 0.112804 0.094184 0.352639 0.026323 0.010912 -0.318525
0.211760 -0.175331 0.296777 -0.228405 0.330622 0.029515 -0.287393 -0.103350 -0.005730 -0.017319
0.124365 -0.208894 0.479763 0.006800 -0.206341 -0.175699 -0.096573 -0.038393 0.009460 0.234042
-0.127989 -0.252486 -0.168321 -0.091255 -0.060634 -0.075434 0.126979 0.325962 0.138759 0.095997
-0.099973 0.008493 0.079644 0.112868 0.004378 -0.009420 -0.136274 0.377929 0.187902 -0.237342
-0.213799 -0.183859 -0.285941 -0.124339 0.013133 -0.133846 0.169794 0.284669 -0.068488 0.387519
-0.037873 0.063400 -0.103585 0.157475 -0.142203 0.234068 -0.244797 0.217191 -0.099437 -0.212277
0.080039 -0.326806 -0.026491 0.215484 -0.158018 -0.010027 -0.129018 -0.006101 0.431141 0.079092
-0.185156 0.113596 0.225385 -0.029794 -0.195707 0.072857 -0.188312 -0.131852 -0.097911 0.161671
-0.198348 0.193048 0.259118 0.093816 0.072271 0.173890 -0.232912 0.012909 0.323664 0.222669
-0.071206 -0.167057 0.192458 -0.174413 0.089639 -0.054292 0.106785 -0.147278 0.179376 0.047638
-0.187104 -0.113279 0.139618 0.078273 0.213168 -0.234201 -0.427067 -0.028697 -0.117863 -0.094567
-0.050591 0.106533 0.177671 -0.033445 0.272771 -0.105733 -0.039910 -0.031884 -0.008073 0.193432
-0.204123 -0.392800 0.293016 -0.095987 0.053421 0.109157 0.231191 0.115465 0.191738 -0.430799
-0.300816 -0.049931 0.253315 -0.117416 -0.083733 0.242243 0.042140 -0.185591 -0.431406 0.133411
0.358147 -0.347236 -0.051302 -0.109790 0.135199 0.431517 -0.188890 -0.079933 0.193516 0.103842
-0.069029 0.155181 -0.027466 -0.188109 -0.115820 -0.135057 0.021340 0.115049 0.268931 0.020643
0.112151 -0.173246 -0.068473 -0.176700 -0.150811 0.059697 0.246276 -0.067527 -0.033257 0.198900
-0.092826 0.073009 -0.161584 0.132242 -0.216720 0.005612 0.065923 -0.051870 -0.067120 0.341356
0.262410 -0.390280 0.150079 -0.149904 0.229767 -0.325260 -0.097294 0.265931 -0.074096 0.054327
0.063618 -0.045396 0.468119 -0.018691 0.108595 -0.060449 -0.170488 -0.197406 -0.181452 -0.101804
0.317985 -0.133360 -0.024295 0.174705 -0.156455 -0.246226 -0.040268 -0.303413 0.112994 -0.108232
0.250977 -0.028108 0.127060 0.207749 0.074407 -0.110498 0.008131 -0.144420 0.242943 -0.302994
-0.175313 0.053865 0.013872 0.036699 -0.062322 0.234744 0.192126 0.243327 0.222590 0.038411
-0.234560 0.393580 -0.008015 0.156750 0.160911 -0.240996 0.091811 -0.203317 -0.117575 0.151881
0.077015 0.339594 -0.117108 0.056178 0.080904 -0.237200 0.286075 0.115147 -0.040016 -0.176677
0.052905 -0.104970 -0.198316 -0.266506 0.135215 0.268624 -0.005241 0.025221 0.124982 0.297476
0.192910 -0.144536 -0.046523 0.101015 0.021296 -0.228147 0.067001 -0.236557 -0.130754 -0.025662
0.205055 0.001809 0.101800 0.024335 0.342994 0.062657 -0.118437 0.177675 0.065261 0.058092
-0.028475 0.058994 0.191685 -0.159161 -0.292206 -0.103862 -0.050258 -0.167829 -0.174376 0.123100
-0.153594 0.325870 0.007078 -0.077396 0.104212 0.272657 0.256485 0.033293 0.250384 -0.105317
-0.046257 -0.108853 0.147348 -0.237791 -0.132911 -0.244070 0.151389 0.173038 0.011478 0.052397
0.202719 -0.102111 -0.253042 0.098895 -0.280148 -0.404179 -0.048314 -0.033048 -0.038133 0.121326
-0.084625 -0.267047 -0.243486 0.105059 -0.119857 0.077524 0.232312 0.252236 -0.252272 0.119963
0.346076 0.076387 -0.103571 0.352666 0.045578 -0.017236 -0.232662 0.260646 0.123850 0.305335
-0.173239 -0.219951 -0.139324 -0.103292 -0.167267 0.076004 -0.037999 0.264354 -0.257562 -0.171666
0.012690 -0.083087 -0.143294 -0.210309 -0.252864 -0.151545 0.153610 0.048183 -0.075240 0.097457
-0.237310 0.241122 -0.097820 -0.176948 0.340755 0.284673 -0.166804 0.141193 -0.008003 0.246825
0.067899 0.263420 0.238098 -0.053171 -0.342107 -0.210509 -0.134884 0.064328 0.095312 0.041988
0.013548 -0.094100 -0.025159 0.430432 0.137341 0.159276 0.002677 -0.135536 -0.083527 -0.118038
-0.409708 -0.162110 -0.153952 -0.189477 -0.124912 -0.095085 0.007835 0.169033 0.131964 -0.172705
-0.158938 0.145204 -0.108452 -0.022455 0.028053 -0.003604 0.021961 0.424582 -0.237064 -0.311596
-0.166251 -0.147368 -0.109231 -0.097485 -0.033944 -0.193901 -0.281668 -0.075425 0.283182 -0.213280
-0.078700 -0.040471 0.142704 0.065938 0.191017 -0.102464 -0.071396 -0.174326 -0.067567 0.102928
