-0.282742
0.172387
-0.057934
-0.461008
0.904225
-0.364791
-1.013272
-0.628530
-0.616699
-0.544404
-0.383450
0.775685
-0.478293
-0.876904
-0.708097
-0.711852
-0.297052
-0.302094
-0.452171
-0.739447
-0.473398
0.588595
0.495194
0.488442
0.546650
1.318097
-0.537513
0.279622
0.825201
-0.179503
0.561180
-0.034096
0.470484
0.627613
0.763259
1.468084
0.097297
0.333753
0.041069
-0.806495
-0.505804
-0.459257
0.062821
0.417937
0.295079
-0.664878
-0.546166
0.098132
0.674461
0.127705
-0.209746
-0.141961
-0.169241
0.871810
0.207769
0.182004
-0.281377
0.548088
0.383658
-0.200673
-0.405879
0.077515
1.356551
0.238629
0.977137
1.325015
-0.205377
-0.924482
-0.381599
-0.207790
-0.811933
0.353308
0.562409
-0.613608
-0.003609
0.464445
0.029090
-0.556694
0.283796
-0.293900
-0.130391
1.075393
0.326695
0.498484
-0.404403
0.306063
1.270855
0.306446
0.436519
0.147839
-0.258502
0.169332
0.626099
0.190808
-0.330928
-0.270178
0.073403
-0.192749
-0.281103
-0.667203
1.424043
0.171882
0.071475
-0.075786
0.157520
0.259883
0.412090
0.156212
-0.146240
0.636075
-0.553315
-0.370344
0.572902
0.117116
0.169780
0.381006
-1.559368
0.947807
0.138008
0.005753
