-0.097827 -0.189464 -0.117988 0.050435 -0.140726 -0.212972 0.389097 0.074209 0.224202 -0.377877
0.287341 -0.135924 -0.005476 0.102123 0.023773 -0.409024 -0.337574 -0.144122 0.221923 0.045143
-0.457331 0.194442 0.256487 0.113878 0.168180 0.413030 -0.139966 0.287952 -0.095684 -0.257408
-0.135843 0.048862 -0.369046 -0.003800 0.052952 0.249335 0.056148 -0.127928 -0.112290 0.121113
0.408921 0.437799 0.161248 0.161754 0.208047 -0.303757 -0.115206 -0.147050 0.056256 -0.013890
0.068612 0.119631 -0.042801 0.055496 0.062009 0.046189 0.216976 -0.151118 0.256329 -0.075875
-0.012660 -0.073554 -0.378296 0.356592 -0.346450 0.012377 -0.078857 0.011208 -0.103079 -0.185038
-0.263396 0.204375 0.077102 0.220571 -0.005860 0.110148 0.003838 0.047856 0.177650 -0.108364
-0.146088 -0.120810 0.233053 -0.221117 0.127693 0.085637 0.025170 0.101830 -0.320399 0.129854
0.153471 -0.138920 -0.156844 -0.080867 -0.077912 -0.285516 0.267620 0.216530 0.038520 0.030362
-0.105437 -0.264261 0.020049 0.043967 0.065055 0.136835 -0.048020 -0.162071 0.255565 0.208291
0.181975 0.022627 -0.161704 -0.230569 -0.111937 -0.120245 0.054661 -0.058076 0.097659 0.272037
0.075069 0.161906 -0.228809 -0.063683 0.008664 0.085780 -0.040058 0.190646 0.162504 0.182141
0.073509 -0.060409 -0.041002 -0.003083 0.382332 -0.090733 -0.280230 0.019275 0.026674 0.350733
0.141072 0.196016 0.300748 0.418318 -0.018819 -0.276040 0.008307 -0.113094 0.140235 0.134686
-0.210807 -0.036856 0.170687 0.063817 0.031642 -0.211333 0.149125 -0.303115 -0.216431 0.261215
0.158136 -0.137263 -0.004490 0.201102 -0.260870 0.039439 -0.038508 -0.285295 -0.122328 -0.008579
-0.068901 0.037777 0.025694 -0.093423 0.019929 -0.215968 0.057221 -0.114085 -0.243742 -0.015102
0.302907 0.016675 -0.132743 0.002951 0.120800 -0.111220 0.033120 -0.161858 -0.087654 -0.315995
0.150384 0.310974 -0.036676 0.251457 -0.287897 0.123332 0.113969 -0.022128 0.130397 0.067045
-0.095861 -0.015173 -0.248269 0.000162 0.099922 0.136998 0.045069 0.299406 -0.066741 0.051962
0.051066 0.030007 0.265008 0.092636 0.450947 -0.292001 -0.046396 -0.020348 0.335066 -0.077994
-0.302571 0.301618 0.232278 -0.086177 0.217374 -0.003871 -0.082217 -0.062342 -0.235009 0.205888
-0.075002 0.255000 0.010377 -0.107312 -0.141057 0.056039 -0.229430 -0.150924 -0.181537 0.401680
0.161846 0.024981 -0.004621 -0.210593 -0.066025 -0.281255 0.416562 0.197250 -0.161245 0.049520
0.107383 -0.036425 -0.066345 -0.095677 0.036123 -0.051311 0.497094 -0.355482 -0.034481 -0.197831
-0.000590 -0.081249 -0.030962 0.155040 0.056660 0.052756 -0.602215 -0.039739 -0.061831 0.053615
-0.225895 0.058900 0.089415 0.157654 -0.047831 0.236159 -0.133146 -0.145457 -0.003073 0.063670
0.095224 0.103986 0.212531 -0.155713 -0.250213 0.163865 -0.033065 -0.265408 0.043921 -0.072540
-0.035389 0.089375 0.076086 0.084749 0.048664 0.338292 -0.083334 0.070667 0.002023 -0.027177
-0.165100 0.018964 0.182805 0.167704 0.010163 -0.074731 -0.251049 0.063536 0.059036 -0.089607
0.076502 0.132690 -0.124218 0.222156 -0.218518 0.092132 -0.146014 -0.057349 -0.141728 -0.059889
0.066816 -0.011568 -0.188332 0.171901 -0.065249 0.032998 0.043205 -0.170919 -0.122935 -0.252003
0.013368 0.045377 -0.173531 0.008878 0.057546 -0.116937 -0.062797 0.160519 0.036768 -0.156986
-0.238079 -0.171966 0.050049 0.214136 0.299457 -0.065145 -0.242125 0.192522 -0.069494 0.202282
-0.002321 -0.048683 0.187998 0.076218 -0.026849 0.077611 -0.285337 0.210635 -0.229388 0.016263
-0.110080 -0.163917 -0.131385 -0.123329 -0.274027 -0.060562 0.124698 0.034587 0.116588 0.112161
0.000296 -0.024126 -0.105756 -0.145121 0.041431 0.234128 0.093316 -0.287639 0.062064 -0.213725
-0.128991 -0.062703 -0.035349 0.104024 0.251476 0.327454 0.039565 -0.137817 -0.294930 -0.111624
-0.024610 0.031050 -0.149290 0.163383 0.036050 -0.139777 -0.011509 -0.005039 0.027985 0.043045
0.098679 -0.093552 -0.077529 -0.199674 -0.336763 -0.322743 0.226907 0.091808 0.099274 0.211723
0.078716 -0.230170 -0.057015 -0.226188 -0.310246 -0.108752 0.160577 -0.068338 -0.087709 -0.082153
0.094686 0.077001 0.139249 -0.075815 -0.321703 0.097110 -0.062969 -0.247124 -0.458029 0.159951
0.068864 -0.155055 0.359556 0.106887 0.010249 -0.050993 -0.172649 -0.343487 -0.018249 -0.200212
-0.122294 -0.076514 -0.113162 0.143327 -0.240001 -0.165404 0.097757 -0.016760 0.132353 0.087948
0.011874 -0.227556 -0.025348 0.045235 0.286513 0.207299 0.162296 0.083410 0.007055 -0.219239
0.062200 0.168413 -0.125200 0.088633 0.398602 0.093586 -0.089772 -0.221219 0.022719 0.171283
0.014140 -0.103409 -0.142502 0.097117 0.030914 0.062305 0.243586 0.138200 0.015692 -0.049691
0.162093 -0.081352 0.174982 0.263087 -0.049103 -0.065787 0.125536 -0.126380 -0.133454 -0.085591
-0.079456 0.146604 -0.597536 0.017126 0.055906 -0.412997 -0.432345 0.251885 0.066483 -0.088613
0.063479 -0.182096 0.079984 0.013963 -0.298254 -0.209621 0.187146 0.375489 -0.181693 -0.117472
0.025369 -0.257219 -0.249722 0.417231 0.079685 0.231816 -0.112332 -0.129685 0.036517 0.111204
0.217556 0.010293 -0.170171 0.335119 -0.056906 -0.065341 -0.107287 -0.094861 0.178273 0.086672
0.104518 -0.099548 0.255333 0.137121 0.205287 -0.003188 -0.209907 0.072976 -0.198759 0.074797
-0.028633 0.024147 -0.003847 0.049950 0.107789 -0.026427 0.090977 0.068035 -0.198450 -0.072695
-0.028852 0.162764 0.119479 -0.016568 -0.053931 -0.041556 0.131865 -0.079144 0.091877 0.085709
0.033480 -0.100235 -0.007330 0.135828 -0.040352 -0.246798 -0.147333 0.050398 0.127738 0.101704
0.056547 0.408821 -0.041948 0.019167 0.400873 0.120007 0.022057 -0.250867 -0.134754 0.181124
-0.271461 0.068727 -0.095625 0.095233 0.028931 0.053033 -0.119260 -0.061779 0.061107 0.262933
0.290354 -0.040572 -0.290459 -0.172621 -0.023138 0.142294 -0.088423 0.025286 0.332892 0.059704
-0.017128 0.213126 0.017482 -0.145641 -0.065905 -0.067191 -0.263624 -0.153754 -0.203678 0.425375
-0.368509 -0.229070 0.104809 -0.075275 0.000959 0.076871 0.016370 -0.029034 -0.237735 -0.028372
-0.009398 0.053557 -0.121565 -0.164609 -0.138384 0.066934 0.125640 -0.017450 0.104104 -0.171601
-0.306287 0.013943 0.161265 -0.146834 0.033010 0.018685 -0.100935 -0.079367 0.013761 -0.171696
-0.176393 0.105267 -0.198533 0.057065 0.109764 -0.042712 -0.008920 -0.069942 -0.023025 0.001605
0.037457 0.109854 -0.090668 -0.169302 -0.043916 0.083213 0.066266 0.003107 0.420819 -0.064505
0.084223 0.105656 -0.088915 0.107189 -0.132845 0.209933 -0.131273 0.152527 0.292858 -0.007257
0.090811 0.189775 -0.034227 -0.102166 -0.089841 0.129788 0.099661 -0.044284 -0.114274 -0.075629
-0.131765 -0.181642 0.051412 -0.025781 -0.069162 0.072558 -0.079362 -0.022461 -0.149414 0.309085
0.422212 0.008849 0.132499 0.009977 -0.142717 -0.166395 0.045551 -0.205742 0.137711 -0.260249
0.386486 -0.019229 -0.482872 -0.252406 -0.166605 0.224577 0.110693 0.026980 -0.155738 0.008696
-0.112030 0.114698 0.041132 -0.060670 -0.176695 -0.227708 -0.224225 0.184074 0.039561 -0.315655
0.161043 0.015716 -0.029522 0.419322 0.330713 -0.005631 0.036481 0.377087 -0.149502 0.320531
0.380051 0.233227 -0.413928 -0.270307 0.138565 0.000343 0.013433 -0.645962 0.029242 -0.165466
-0.000006 0.005908 -0.249902 0.248154 0.259190 0.099901 0.270326 -0.230649 -0.127428 -0.007008
-0.000384 -0.126742 -0.414936 0.164447 0.002914 0.182919 -0.269800 0.158687 -0.102858 -0.022841
-0.026433 0.181957 0.257051 0.012645 -0.106077 -0.156785 -0.031086 -0.475798 0.027853 -0.254393
-0.144404 0.281102 0.067145 -0.116969 -0.018734 -0.342820 0.071127 0.288221 0.131355 -0.015453
0.222581 -0.163451 -0.085040 -0.015554 0.190520 -0.163450 0.214271 -0.085642 -0.003796 0.060283
-0.076183 0.155128 -0.141857 0.026492 0.157894 -0.265532 0.072498 -0.004120 -0.107141 -0.051649
