-0.001730 0.055469 0.227666 -0.374604 -0.004798 -0.196595 0.287470 0.213921 -0.027079 0.196292
0.125832 -0.437681 -0.057607 0.040263 -0.062531 -0.047909 -0.251847 0.103189 0.161403 0.129719
0.091547 -0.187845 -0.143557 0.081600 -0.154527 -0.277283 0.194323 0.162122 -0.000848 0.037445
-0.308054 0.013756 -0.021457 -0.177946 0.032071 0.204570 0.279905 -0.205083 -0.183221 0.348629
0.097958 -0.041219 0.010551 0.009523 -0.015250 0.025003 0.044191 -0.096026 -0.171927 -0.353625
0.046173 -0.212908 -0.130361 0.009961 -0.030166 -0.140300 0.003096 0.023340 -0.030478 -0.377230
-0.178714 -0.018219 0.055274 -0.095401 -0.179560 -0.122347 -0.062981 -0.099018 0.172283 0.013348
-0.148384 -0.252424 0.040664 -0.211243 -0.014183 0.059840 -0.158104 -0.133740 -0.254001 0.266875
-0.112344 -0.242594 -0.191856 0.094938 0.397919 0.109153 0.019607 0.016434 0.064362 -0.107150
-0.010643 -0.157940 -0.259896 0.088329 -0.254677 -0.020123 -0.132202 0.271493 -0.124738 -0.290265
0.190388 -0.305920 -0.249904 -0.140131 0.288215 -0.084094 -0.028978 -0.099387 -0.050872 -0.161291
0.118780 0.027957 -0.098514 -0.021774 -0.246075 -0.037901 0.363284 0.040483 0.226739 -0.074000
-0.076276 0.399623 0.229861 -0.015786 0.097297 0.086614 0.121420 -0.331048 -0.302037 -0.158307
-0.212630 -0.278261 0.000522 -0.089304 0.056533 -0.111517 0.093666 -0.131281 -0.375077 -0.028605
0.139500 -0.088495 -0.122226 0.018879 0.236480 0.039439 0.059393 0.280476 0.221045 -0.076510
-0.182555 0.186504 -0.027362 0.266162 0.184835 0.189984 -0.043600 0.190201 0.058567 -0.036665
-0.209692 -0.027165 -0.056478 0.019084 -0.153326 0.221280 -0.011465 0.139504 0.013760 0.197304
0.149067 -0.172729 -0.067219 0.104741 -0.045909 0.082571 -0.430563 -0.212414 -0.059832 0.465138
0.068469 -0.364684 -0.086623 -0.068411 -0.131263 -0.029948 -0.133985 -0.120732 -0.158949 0.087164
-0.032508 -0.091738 0.062161 -0.009942 0.210891 -0.085975 -0.066001 0.443517 -0.163318 -0.143682
-0.416346 0.187172 -0.047454 -0.246517 -0.142363 0.034401 -0.346333 0.345768 0.116092 -0.007856
-0.205220 -0.192976 0.060069 -0.069621 -0.351195 0.067454 0.025377 -0.067470 -0.124632 0.237353
-0.014643 0.142869 -0.231533 -0.419896 -0.116029 0.174382 0.033657 -0.133816 0.069776 0.017842
0.169584 0.036984 -0.163856 0.105468 0.131702 0.293401 0.068167 0.285539 0.177059 0.118624
0.116722 -0.082062 -0.080286 0.024958 0.029689 0.261868 0.245595 -0.184095 -0.143456 -0.239884
0.173349 -0.262896 -0.007144 0.135877 0.219538 -0.044315 -0.099162 0.173875 -0.211270 0.125032
-0.053577 -0.011071 -0.249946 -0.045423 -0.075189 -0.026971 -0.046198 0.107151 0.171191 0.167240
0.033578 -0.031071 -0.053912 -0.149273 -0.125626 0.176846 -0.116963 0.079383 -0.089440 -0.172488
-0.143779 -0.127382 0.077140 0.219874 0.050544 0.006854 0.130892 0.151905 -0.023080 -0.220090
0.014193 0.258189 -0.078712 -0.078777 0.005536 -0.151674 0.003293 0.025754 0.120523 -0.277644
0.092011 -0.185553 -0.113921 0.126582 0.018953 0.079401 0.082239 -0.429574 -0.235386 0.394997
0.031017 0.011515 0.368469 -0.112422 0.074030 -0.204230 -0.338105 -0.164456 -0.025468 -0.109853
-0.136633 -0.337238 -0.330889 0.251117 -0.060238 0.415716 -0.084247 0.194693 -0.042862 0.062824
0.203895 -0.039649 -0.271969 -0.080854 0.115937 -0.167548 -0.131470 0.076125 0.108832 -0.011090
0.129992 0.038172 0.213444 0.047634 0.125383 0.085145 -0.104337 0.113932 -0.107796 -0.117149
0.130472 0.065480 -0.181750 0.188751 -0.059663 -0.130243 -0.026296 0.120856 -0.264361 -0.085185
-0.216642 -0.039724 -0.197051 -0.343767 -0.130204 -0.096919 0.021997 -0.253190 -0.235704 0.131153
0.039329 0.092766 0.051169 -0.150858 0.006773 -0.005623 -0.064288 -0.050530 0.152576 0.067507
0.062059 0.341979 -0.226967 -0.014325 0.172928 -0.297556 0.015743 -0.058508 -0.196853 0.376348
0.227157 0.107336 0.348057 0.015509 -0.127091 -0.144059 -0.105302 0.094260 -0.279153 -0.002673
-0.150494 -0.046424 0.198752 -0.238924 -0.382717 0.065038 0.038955 0.167969 -0.164525 -0.164246
0.252116 0.039560 -0.063642 -0.207950 0.147473 -0.335217 0.133823 0.037285 0.188952 0.030422
-0.245169 -0.282184 0.097837 0.080462 0.247081 0.221873 0.108339 -0.109348 0.018816 -0.171757
0.167125 0.022647 0.112209 0.074222 -0.129298 0.073829 0.151094 -0.005112 0.178842 0.039529
0.181584 0.303174 -0.002191 0.110968 -0.030233 0.151154 -0.310479 -0.140103 -0.067385 -0.080317
0.149462 0.008479 -0.207693 0.166007 0.035491 -0.147391 0.065012 0.037164 -0.246224 0.003107
0.019022 0.230381 0.186367 0.083062 -0.048077 -0.318439 0.037407 -0.088996 -0.169624 -0.285236
0.053606 -0.052699 0.071137 -0.299590 0.048145 0.198527 0.337070 -0.005473 0.114254 0.084194
0.067835 -0.138786 0.097448 0.119520 0.168445 -0.121092 -0.104552 -0.239187 0.096139 0.010639
0.331824 -0.241838 -0.150000 -0.124467 -0.153672 0.240508 -0.004403 -0.049366 -0.220778 -0.096225
0.101777 -0.111869 0.064229 0.288323 -0.149209 0.026214 0.333324 -0.222434 -0.031870 -0.286593
-0.048367 -0.152541 -0.066205 0.155051 -0.499432 -0.175888 -0.207047 -0.144809 0.020386 0.181737
0.005017 -0.027404 0.163099 0.070936 -0.188471 -0.198032 -0.203556 -0.096231 -0.309318 -0.032598
0.329282 -0.154813 0.035042 -0.361809 -0.081487 -0.246011 0.186109 -0.082187 -0.099499 -0.102273
0.164903 0.173629 0.090843 0.139471 0.204025 -0.108840 0.009775 0.026771 -0.209016 0.040919
0.000112 0.093200 0.126038 -0.240523 -0.028190 0.122234 -0.238027 0.102179 -0.050188 0.041430
-0.130429 0.319487 0.276134 0.119148 -0.215270 -0.278334 -0.038570 0.048182 -0.236143 0.053160
-0.360440 -0.206942 -0.013190 -0.067557 -0.396296 -0.335318 -0.216168 -0.161456 -0.188206 -0.193127
-0.216732 0.057723 0.119499 -0.008532 -0.023219 0.137869 0.177291 -0.069668 0.033519 -0.023541
0.080136 -0.052854 -0.021394 -0.213634 0.132082 -0.019354 0.228417 -0.105549 -0.060596 -0.022164
-0.074438 0.160506 0.127256 -0.269783 0.168836 0.150563 0.015312 -0.068292 -0.020810 0.083582
0.108820 0.082987 -0.064896 -0.048043 -0.050730 -0.134854 0.299350 -0.062033 -0.221171 0.094959
0.079442 0.140864 -0.451551 0.091702 -0.089504 0.040536 -0.063161 0.083920 -0.332472 -0.045541
0.092382 0.197224 0.013090 0.097202 -0.054013 0.079371 -0.005982 -0.261291 -0.010146 0.224177
-0.349826 0.007956 -0.163518 0.102417 -0.044946 0.043091 0.158266 -0.017077 0.101708 -0.027919
-0.188404 -0.059405 0.409527 -0.167437 0.243738 0.345414 -0.016504 -0.147087 -0.009243 0.155894
0.049655 0.294735 -0.260011 -0.269116 0.156396 0.110744 0.271723 0.162740 0.163702 -0.062360
-0.165122 0.083510 -0.059010 -0.006904 -0.081014 -0.114758 -0.131099 0.102982 -0.124063 0.032099
0.307139 0.118736 -0.049184 -0.218648 0.065097 -0.145157 -0.350015 0.002517 0.250138 -0.053383
0.088552 0.098475 -0.215020 -0.140547 -0.005342 0.092818 -0.259765 0.203649 -0.198899 -0.086125
-0.084689 0.300022 -0.033378 0.053600 -0.296502 0.131952 -0.037359 -0.039802 -0.233417 0.138172
-0.169685 0.375768 -0.123795 -0.035155 -0.368721 0.263893 -0.168625 -0.177675 0.169642 -0.071104
0.123786 0.045651 0.315842 0.121126 0.644463 0.076020 0.071014 0.128438 -0.086918 -0.064811
-0.118426 0.037869 0.020953 -0.071845 -0.026339 0.122495 -0.040703 -0.044674 0.247688 -0.072784
-0.231617 0.008101 0.216561 0.133167 -0.032860 0.207860 -0.179890 -0.107263 0.240969 -0.022397
-0.079015 0.197212 -0.034616 -0.162128 -0.070455 0.080349 -0.216547 0.033906 0.161099 0.053746
-0.254265 -0.057787 0.102950 0.001158 0.095073 -0.121060 0.192340 -0.049840 -0.177640 0.231044
-0.009468 0.065722 0.110630 -0.034167 -0.241338 -0.105843 -0.014804 -0.347713 -0.298499 -0.263213
-0.134362 -0.162044 -0.015002 0.022579 0.256994 -0.195069 -0.093052 0.018900 -0.318918 0.120056
0.193117 0.010158 0.038511 0.001670 -0.035205 0.220274 -0.019854 -0.071796 0.184375 0.035677
