0.112212 -0.103211 0.041191 0.016508 0.035038 0.085428 0.174452 -0.163085 0.002854 0.069278
0.063867 -0.100535 0.010586 0.051245 0.048221 0.027912 0.034711 -0.064623 -0.143853 -0.203683
-0.010039 -0.160628 0.264545 -0.050183 0.101094 -0.112696 -0.221115 0.035852 -0.029235 -0.110169
-0.062864 -0.217958 -0.172665 0.006664 0.172033 -0.085974 -0.289570 -0.032266 0.205924 -0.033330
-0.018182 0.031865 -0.156943 0.122296 0.183249 -0.445278 -0.009977 0.308745 -0.050480 0.115753
-0.260898 0.036721 -0.245723 0.133897 0.014924 0.091326 -0.096727 0.382472 -0.023921 0.173982
-0.160068 0.079247 0.181056 0.311242 0.064868 -0.101781 0.054236 0.069431 0.238943 0.316015
-0.190284 -0.103622 0.123618 0.009665 -0.027532 -0.103849 -0.068161 0.134797 0.080153 -0.191965
-0.188931 0.079537 -0.123931 0.136641 0.291311 -0.120933 0.081875 0.247467 0.129117 -0.316173
0.138787 0.196685 -0.043157 0.137770 -0.095769 -0.056501 0.226750 -0.250136 -0.110971 -0.202588
0.249573 0.074942 0.046365 -0.099555 0.424094 0.072250 0.117764 -0.158401 0.008662 -0.132766
-0.026551 0.090621 -0.094902 0.041905 -0.054882 -0.077529 -0.026718 0.065167 0.220606 -0.254742
-0.203605 -0.087430 0.071316 -0.101725 0.180411 0.053998 0.178781 0.253046 0.137915 0.044166
-0.291218 -0.212402 0.027287 -0.008657 -0.103607 -0.087758 -0.016479 -0.059409 0.080585 -0.189071
0.019881 0.031272 -0.052108 -0.078379 0.270218 0.075386 0.026202 0.326140 -0.278930 0.058175
0.132683 0.197450 0.033272 0.057279 -0.111062 0.012487 -0.001461 0.197064 0.264507 -0.100008
-0.312966 -0.095222 -0.329450 0.004170 -0.081486 -0.248280 0.112614 0.043512 0.225194 0.258738
-0.124827 -0.400840 0.015803 0.350891 -0.017783 -0.208016 0.131757 0.079033 0.076572 -0.125572
0.314283 0.226764 0.271773 -0.044651 -0.132272 -0.059035 0.302163 0.256234 0.291862 0.033321
-0.014422 -0.209023 0.120697 -0.037801 -0.003049 -0.082206 -0.095700 0.371659 0.006747 0.062215
-0.053842 0.321829 -0.033056 -0.358348 0.095457 -0.157553 -0.037472 -0.072470 0.134795 -0.196625
0.153700 -0.043204 -0.164017 -0.139736 -0.113663 -0.306316 0.352982 -0.144610 -0.008818 -0.111378
-0.039863 -0.234386 -0.172475 0.048723 0.004468 -0.129216 0.094634 -0.157728 -0.203514 0.014342
-0.210754 0.267512 0.155729 0.032317 0.180829 0.065927 -0.004826 0.085272 0.084478 0.173087
-0.022340 0.282840 0.019083 -0.020912 0.327452 0.143811 0.043958 0.087232 0.013927 0.032628
-0.110005 0.011754 -0.061789 0.301599 -0.083140 -0.143859 -0.226344 0.206828 -0.016977 0.020828
0.062928 0.137774 -0.064405 -0.287759 -0.054254 0.398583 0.159454 -0.055343 0.098129 -0.096642
-0.021634 0.071249 0.435507 -0.162128 0.205897 -0.105545 -0.038494 0.064792 0.120290 0.258063
-0.194314 0.042087 -0.018972 -0.037288 0.086644 0.049250 0.123774 0.093778 -0.250818 0.030275
0.178021 -0.257407 0.524310 -0.231377 -0.163261 -0.303423 0.019559 0.121121 -0.057082 0.151367
-0.351744 -0.032534 -0.190998 0.213830 0.140710 0.390963 0.123236 0.095025 0.091307 -0.011890
-0.138536 -0.079682 0.143272 -0.356351 0.187240 0.057028 -0.066818 0.119939 -0.292429 0.015165
-0.219532 -0.278196 -0.154253 -0.128758 0.021250 0.015320 0.170110 -0.337594 0.031177 -0.177024
-0.272878 0.341785 -0.279232 0.018421 0.296706 0.051118 -0.016044 -0.244938 -0.107901 0.033553
-0.128706 0.234711 0.201336 0.173607 -0.053655 0.062882 -0.032669 -0.244036 0.029205 -0.285735
0.052405 -0.050289 0.419464 -0.209344 -0.108894 0.138337 0.035330 0.101717 0.153016 -0.132892
0.184410 0.118604 0.425261 0.021674 0.182584 -0.034021 0.230312 0.211520 -0.472596 -0.016545
-0.639513 0.006446 0.452263 -0.066344 -0.280140 0.145640 0.053121 -0.043212 0.303050 -0.122508
0.114655 0.262580 0.074515 0.052246 0.227449 -0.279543 -0.062690 -0.049805 -0.127041 0.370374
-0.144072 -0.061400 -0.217365 -0.078795 0.156679 -0.007754 0.222088 0.069052 0.100035 0.161269
-0.056439 0.111569 -0.189443 -0.393688 -0.215368 -0.042103 0.071490 0.045904 0.324781 -0.043221
-0.113998 0.123435 0.058027 0.020495 -0.184585 0.208276 -0.004346 0.029833 0.085573 -0.090999
0.222668 -0.176551 0.364243 -0.104426 -0.063511 0.017446 0.491562 0.024419 0.230018 0.244760
0.047139 0.000744 0.111864 0.130086 -0.145316 -0.052249 0.056596 0.459250 0.080977 0.147875
-0.062719 0.114698 0.004553 0.248994 0.079118 -0.140649 -0.116112 0.056892 -0.088965 -0.042552
0.434186 0.170549 -0.006306 0.076008 -0.014481 0.131247 -0.524296 -0.092674 0.011666 -0.036079
-0.190525 -0.024909 0.138212 0.086186 -0.057722 -0.024801 -0.475436 0.079793 0.020724 0.087673
-0.186574 0.360774 0.085816 -0.131588 0.041574 -0.301095 -0.116869 0.130659 -0.158289 -0.138731
0.321092 -0.257036 -0.246394 -0.027722 -0.151515 0.211442 0.032518 0.008830 0.221678 -0.057706
0.005993 -0.418990 0.004943 -0.027041 0.002140 0.244752 0.144988 -0.042290 0.042466 -0.111601
0.026595 0.203058 0.454702 0.220712 0.111926 0.026245 0.028599 0.091665 0.062651 0.297523
-0.232836 0.160372 0.185881 -0.284546 0.080616 0.194923 0.033732 0.044585 -0.246619 -0.228461
-0.034137 -0.134107 0.136210 -0.062287 0.148278 0.057433 0.060519 -0.177840 -0.045186 -0.273505
0.106405 0.075951 -0.201146 -0.016461 -0.185450 0.035468 -0.134693 0.399025 0.077691 -0.173561
0.190786 0.207737 0.268032 -0.074767 -0.164589 -0.089311 0.075442 -0.277432 -0.014148 -0.036128
0.339656 0.203426 -0.072411 0.336031 0.100053 0.239100 -0.143735 0.220944 -0.122362 0.251981
-0.127603 0.079738 0.169760 -0.125075 0.034757 -0.005879 0.063940 -0.132819 0.163183 -0.095971
-0.004781 0.007711 -0.169130 0.202259 -0.205558 0.066235 0.009584 0.296152 0.103917 0.038629
-0.056948 0.040099 -0.315308 0.122671 -0.108721 0.023232 -0.518642 0.095155 -0.238695 0.045511
-0.003997 0.089723 0.198343 -0.145732 0.146516 -0.065977 -0.445361 -0.175754 0.241239 0.219702
-0.056709 0.100514 -0.152460 0.055195 0.546884 -0.014204 -0.057844 -0.096370 -0.078779 0.039264
-0.078673 -0.235801 -0.263059 -0.323795 -0.103294 -0.190461 -0.239523 0.023610 0.053615 -0.241839
0.285287 -0.007098 0.097272 -0.072074 -0.318362 0.038928 -0.155983 0.269159 -0.177216 0.432853
0.231878 0.119114 0.074142 0.151673 0.025312 -0.164855 0.054493 -0.133572 -0.056461 -0.033348
0.312772 -0.061260 0.122445 0.060732 0.179415 -0.054687 0.091632 0.275225 -0.155646 0.170199
-0.386518 0.279491 -0.115692 -0.109917 -0.269042 0.002743 0.218128 0.092560 -0.008901 0.308582
0.137055 0.049585 -0.063282 0.287793 0.037266 -0.129552 -0.157010 0.058681 0.274513 -0.390281
-0.023342 0.206532 0.033273 0.030716 0.116674 -0.148105 -0.031634 -0.161312 0.108774 -0.556075
-0.266930 0.090712 0.088057 0.082764 0.008033 0.158197 0.092627 0.028171 0.291258 0.033198
-0.193023 -0.118265 -0.130872 0.240930 -0.150203 -0.110690 0.109186 -0.222134 0.094190 0.080204
0.047533 -0.195163 0.212777 -0.131182 0.111728 -0.295318 0.246913 -0.373047 -0.432203 -0.046276
-0.160755 -0.062034 0.051279 -0.091142 0.240397 -0.272771 0.071649 0.178513 -0.483485 0.112496
0.006816 0.116880 0.255100 -0.122506 0.042541 -0.100160 -0.137383 0.082089 -0.155246 0.247235
-0.145065 -0.265971 -0.147151 0.246873 0.007322 -0.019645 0.022450 -0.122358 -0.057545 -0.164881
0.164774 0.130587 -0.147525 -0.041811 -0.061881 0.199454 0.055085 0.057497 -0.014636 -0.042437
-0.076290 0.010168 -0.172910 -0.068576 0.476031 -0.093015 -0.022508 -0.038133 -0.057280 -0.413741
-0.059082 -0.111037 0.255271 0.180223 -0.005775 0.151515 0.002338 -0.197380 -0.137734 0.174837
0.180815 -0.119755 -0.174972 -0.018085 -0.048182 -0.300991 0.161544 -0.335167 -0.166441 -0.178073
-0.142440 0.043683 0.148591 0.199077 0.166366 -0.179168 0.009644 -0.353542 0.142574 0.055579
-0.044148 -0.010534 0.109974 -0.257971 0.198534 0.253033 -0.335211 0.071739 -0.100752 0.255959
