-0.107367 -0.366719 0.015253 -0.022524 -0.035218 0.275438 0.132155 0.168545 -0.074778 0.130580
-0.049196 0.015493 0.067464 -0.027597 0.103338 -0.073080 -0.125547 0.033475 0.052845 -0.107780
0.081342 0.114129 0.145949 0.429408 0.008023 -0.156104 0.460080 -0.041357 0.107875 0.189220
0.231195 -0.094100 -0.059327 -0.056467 -0.057501 0.159716 -0.271404 0.051588 0.055123 -0.013687
0.018439 0.110807 -0.006187 -0.251590 -0.146215 0.127459 0.070150 -0.025290 -0.213525 -0.088943
-0.195047 -0.103516 0.218555 0.073243 -0.214622 0.147254 0.085137 0.291685 0.301807 0.006374
-0.066963 -0.023427 -0.090864 0.174455 0.084453 -0.277884 -0.225943 -0.065318 0.076899 -0.061656
-0.027718 0.179217 -0.189014 -0.129831 0.382697 -0.220590 -0.029406 0.098009 0.130063 0.141823
-0.179495 -0.132310 -0.184622 -0.162763 -0.325956 -0.179499 0.311226 0.088150 0.020418 -0.285939
-0.041159 -0.149057 0.188276 -0.191417 0.050448 -0.048991 0.070589 0.193784 0.007949 0.062198
-0.269795 0.061264 -0.024179 -0.059703 -0.070552 0.044154 0.292261 -0.246660 0.324288 0.049606
0.269620 -0.004602 0.075289 0.030683 0.080455 -0.166032 -0.219519 0.229083 -0.041559 -0.103793
-0.058906 0.036898 -0.057196 -0.101454 -0.140112 -0.057668 -0.125671 -0.311465 0.052138 -0.053484
0.224896 0.151031 0.272916 -0.032408 0.224267 -0.185745 0.265784 -0.097576 0.332382 0.132379
0.124461 0.143973 -0.105996 -0.122584 -0.051808 0.097336 -0.044907 0.068871 0.022573 0.231593
-0.141470 0.068648 0.081150 -0.072803 -0.032361 -0.151733 -0.183659 -0.025844 -0.038593 -0.132884
0.095973 0.054214 0.130323 -0.118173 -0.021093 -0.189969 -0.024780 -0.244719 -0.049504 -0.047682
0.084292 -0.159131 0.050760 0.076288 -0.055231 -0.265257 0.103768 0.203566 0.109791 -0.014070
-0.283310 -0.100488 0.180130 -0.061469 0.031634 -0.105873 0.143483 0.225855 0.118919 0.099234
0.237344 -0.081768 0.172763 -0.051524 -0.263501 -0.200671 -0.024278 -0.052836 -0.004963 0.043928
0.037313 -0.075494 0.151990 -0.002720 -0.166212 0.108917 0.262808 0.195516 -0.293488 0.224074
-0.022012 0.135900 -0.229741 -0.006980 0.186616 -0.052652 0.054949 -0.035014 -0.029978 0.041009
0.281740 -0.038364 -0.038159 -0.087833 -0.192995 -0.202448 -0.133411 -0.076643 -0.021896 0.158470
-0.086873 -0.194585 0.213137 -0.330668 0.068246 -0.039801 0.108109 -0.387676 -0.342376 -0.245037
-0.124974 -0.026855 0.215837 0.124678 0.078295 0.344035 -0.067239 0.070210 -0.055308 0.159136
-0.134677 0.060900 -0.106205 -0.414113 0.099825 -0.475149 0.089395 0.092829 -0.286639 -0.314617
0.288085 -0.044390 0.119299 0.295076 0.305340 -0.196099 -0.154814 -0.031060 -0.033196 -0.023376
-0.253660 0.035733 -0.020053 -0.205884 0.200265 -0.268696 0.162826 -0.041768 0.069793 0.023002
0.004311 0.153916 -0.243193 0.510577 -0.075860 -0.169262 0.039798 -0.119104 -0.177582 0.002373
0.188461 0.092768 0.131129 -0.006817 -0.210153 0.207981 -0.087372 0.141081 0.188294 0.009288
0.149652 0.204641 -0.345120 0.154674 0.145166 -0.117087 -0.242688 -0.163216 -0.247045 0.346961
-0.169944 0.228862 0.277864 0.020838 -0.064816 0.237728 0.139303 0.007713 0.171436 0.019091
0.081197 -0.053408 -0.316436 -0.089663 0.304597 0.054683 0.120356 -0.021415 0.111446 0.080000
0.062491 0.252470 -0.103929 -0.018330 -0.076684 -0.110743 -0.002883 0.054991 0.274354 -0.116843
-0.161736 -0.006910 0.019378 0.119556 -0.253458 0.335412 -0.059069 -0.201349 0.137753 -0.210247
0.165911 0.034507 0.043497 -0.058785 0.126074 -0.389517 -0.126788 0.059419 0.068380 0.137071
0.100424 -0.132418 0.146256 -0.066810 0.186932 -0.321300 -0.246506 -0.125576 0.352181 0.039886
0.105605 -0.229940 0.102832 -0.208419 0.245325 0.036961 -0.025676 -0.165003 0.089652 0.131483
-0.042381 0.043439 -0.011039 0.198851 0.085448 -0.033561 -0.052857 -0.140511 -0.101921 -0.028612
0.194258 -0.058899 0.009516 -0.243786 0.254460 -0.028728 0.231091 -0.046662 -0.110352 0.087443
0.333437 -0.073401 0.001245 -0.365196 0.130508 -0.038081 -0.095086 0.271541 0.147043 -0.105227
-0.060999 0.293984 -0.052401 -0.196725 -0.146734 -0.096320 0.087230 0.352883 0.267313 -0.014405
-0.063130 0.094737 0.095159 0.078422 0.053655 0.147007 0.029512 0.283634 -0.048283 -0.167503
-0.090951 -0.060474 0.142338 0.115675 0.131430 0.096710 0.033649 0.299541 0.138243 0.042383
0.118470 0.115479 -0.058439 0.001149 -0.070980 -0.215316 -0.291500 0.253236 0.073463 -0.238783
-0.046370 -0.121765 0.060745 -0.148030 0.042174 -0.193698 0.194903 0.298072 -0.297418 -0.060269
0.032781 0.043813 -0.213177 -0.019327 0.029377 -0.004368 -0.274128 -0.121672 -0.258075 0.062899
-0.255075 0.200352 0.036725 0.097472 0.125673 -0.183235 0.008509 0.110313 0.083012 0.045339
0.293212 -0.189436 -0.137885 -0.046920 -0.012734 0.144527 0.017364 -0.166074 -0.032905 0.415855
-0.015687 0.053740 0.100980 -0.011952 0.007480 0.056889 0.011196 0.178981 0.015221 0.020892
-0.193573 0.218774 -0.159265 0.292965 -0.128670 0.074881 -0.167445 -0.077837 -0.166184 0.191333
0.266861 -0.067317 -0.055903 0.016642 -0.122034 0.051734 -0.003417 -0.352888 0.133168 -0.335061
-0.240786 -0.130377 -0.057269 -0.452106 -0.197123 -0.152702 -0.213812 -0.126570 -0.029693 -0.040261
0.157085 -0.167984 -0.075388 -0.141451 -0.208149 -0.062924 0.155425 -0.076147 0.012699 0.135653
0.173399 -0.131399 -0.180209 0.203563 -0.183571 -0.160620 -0.156337 -0.034153 -0.009336 0.053930
-0.148569 -0.101174 0.353581 0.162785 -0.271858 0.181732 -0.080659 -0.608094 -0.021390 0.021513
0.000772 -0.110605 -0.297629 0.067970 0.197873 0.055487 -0.076521 0.042085 0.022783 0.025120
0.039621 0.151592 0.278852 0.136358 -0.163709 0.026629 -0.319233 0.122844 0.049189 -0.273149
0.147851 0.193337 0.121687 0.027544 -0.073948 -0.148073 0.017365 -0.272352 -0.194029 0.277149
-0.104334 -0.068513 -0.006456 0.133582 -0.079528 0.294883 -0.019955 -0.078230 0.312363 -0.123515
-0.078112 0.106921 -0.064490 0.041272 0.081382 -0.414616 -0.319679 -0.041284 0.062727 0.058842
-0.080771 0.046399 -0.144992 -0.175716 0.063016 0.178687 -0.013294 -0.172648 -0.500224 0.041603
0.036998 -0.019262 0.014264 -0.053332 0.017940 -0.080552 -0.121671 -0.422176 -0.164585 -0.058459
-0.312558 -0.244947 -0.012450 0.088256 -0.141292 0.021891 -0.180305 0.006600 0.182447 -0.367454
-0.110704 -0.010233 0.201470 0.085183 -0.129566 0.004867 0.006806 0.156502 0.159066 0.215003
0.165607 0.139365 0.231617 0.034010 -0.144963 0.055637 -0.051919 0.247381 0.311196 -0.152367
-0.096175 -0.117745 0.369550 -0.079499 -0.072561 0.029529 -0.405962 0.020805 -0.067867 -0.091808
0.054720 -0.007433 -0.004157 0.019410 0.022465 -0.078699 0.066336 -0.341990 0.183534 0.048711
0.035177 0.231564 -0.037121 -0.016849 -0.189388 -0.119979 0.109302 -0.202815 -0.103577 0.154207
0.076729 -0.011538 0.231443 -0.105912 -0.183267 0.087833 -0.149231 0.219806 -0.099574 -0.084134
0.063330 -0.159000 -0.030307 0.076029 -0.103263 -0.004363 -0.220913 -0.374694 0.051247 0.178351
0.114312 -0.142882 -0.122889 0.167159 -0.016811 -0.239247 -0.055672 0.205390 0.276812 -0.284316
0.168699 -0.205595 -0.030356 0.277791 -0.209673 -0.298372 0.161474 0.042842 -0.224316 -0.184464
0.319264 0.227004 0.129862 0.278721 0.315963 0.089300 -0.086139 0.121248 0.173766 -0.086880
0.100308 -0.168322 0.015574 -0.329559 0.136977 0.030586 -0.216146 -0.170660 -0.089461 0.260488
-0.130631 -0.188700 -0.030140 0.090766 -0.089915 -0.140414 -0.293311 0.053073 0.023056 0.144527
-0.099996 0.222956 0.022101 -0.141801 0.159189 0.249747 -0.129140 0.081659 -0.027468 -0.111775
-0.170996 0.116271 0.080587 0.032663 -0.334612 -0.159469 -0.012140 -0.055922 -0.354798 0.051174
-0.016365 0.110684 0.044995 -0.153054 -0.022314 0.103588 0.320306 0.001892 0.174720 0.008449
0.013967 0.224038 -0.368636 0.211378 -0.084229 -0.168341 -0.108315 0.103129 0.253443 0.003622
