-0.562604
0.027002
-0.667556
0.078422
-0.693626
0.005722
-0.489042
-0.337446
0.741654
0.896339
0.285905
-0.676731
0.289059
-0.028008
-0.143165
-0.372982
0.348932
1.109320
1.110401
-0.472944
-0.327846
-0.686918
-0.452883
0.258679
-0.571492
-0.606820
1.007515
-0.022073
-0.370596
0.789593
0.080497
0.473328
-0.274880
0.849492
-0.069615
-0.932225
-0.099816
-0.198643
0.388172
0.107352
0.205543
-0.361953
-0.279074
-0.037048
0.570902
0.669064
-0.479336
-0.059050
0.706656
0.454888
0.064957
0.923777
0.808343
0.596757
0.653573
0.277754
-0.124855
0.709586
0.300137
-0.908079
0.411532
0.214941
-0.294194
0.523557
0.185908
-0.063238
-1.102237
0.464386
-0.808041
-0.435383
-0.208253
0.350890
0.256365
-0.487166
-0.281583
0.518463
0.006695
-0.209656
0.020394
0.028352
0.087647
0.274996
-0.107812
0.657090
0.406085
0.056687
-0.131032
0.381915
-0.341028
-0.340071
0.055370
0.286432
1.143049
-0.292830
-0.078946
0.684457
0.233562
-0.310373
0.358616
0.555984
0.302263
0.294052
0.295644
-0.125136
-0.041388
-0.810173
0.335676
-0.694073
0.580662
0.197232
-0.334819
-1.129556
0.387309
0.129221
0.724867
0.065807
1.059723
-0.089034
0.534340
-0.009583
