-0.120919 -0.018655 -0.006603 0.103991 0.152246 0.492066 0.205577 0.060814 0.311000 0.110078
-0.163731 0.094318 0.154837 0.123154 0.032237 0.106603 -0.133577 0.261078 0.026188 0.334429
-0.021554 0.018859 -0.236882 0.166388 -0.063175 -0.030825 -0.024012 -0.020473 0.198154 0.109760
-0.102730 -0.181551 0.216992 0.105009 0.113491 0.272857 0.057261 -0.411520 0.009387 -0.055232
-0.001854 -0.088684 -0.045304 0.241351 0.154399 0.162468 -0.033855 0.048547 0.219856 0.137373
-0.017021 -0.005537 -0.149990 0.114784 0.099657 -0.207103 0.039647 -0.071564 0.040586 -0.492634
0.088340 -0.215719 0.092011 0.038135 0.360275 0.307553 0.085349 -0.181266 -0.089388 -0.123216
-0.128033 0.154048 0.017039 0.067378 0.035418 -0.265405 0.019596 -0.068713 0.247648 0.027449
0.026491 0.051798 -0.042142 -0.411255 -0.080919 0.051624 0.033225 0.065294 0.115811 -0.060101
-0.247352 0.116416 0.358446 0.030191 0.023914 -0.282636 0.118159 0.052449 0.193375 0.041451
-0.059771 -0.210210 -0.101574 -0.044452 0.181479 0.107889 -0.051816 0.162745 -0.090927 -0.108857
-0.256260 -0.117546 -0.162195 -0.272418 -0.269961 -0.162014 0.190127 0.042544 -0.362084 -0.152027
