-0.348778 0.239492 0.143236 -0.010320 0.054680 0.121371 -0.098076 -0.055732 -0.207647 -0.010977
0.045243 -0.220394 -0.238330 -0.005098 0.039592 -0.002379 -0.090425 -0.059123 -0.071368 0.034456
0.014132 -0.172047 -0.223139 0.079427 0.069354 -0.043835 0.115677 0.064981 0.166498 -0.262616
-0.171056 0.244090 -0.142230 -0.173769 -0.011659 0.185836 0.093156 -0.016779 -0.002189 0.150649
0.040169 0.027297 0.106229 0.003352 -0.065832 0.045558 0.042248 -0.097371 0.014906 -0.193166
-0.093426 -0.009389 0.330668 0.080967 0.021683 0.148966 -0.154318 -0.009313 0.140373 0.091502
0.249861 -0.113587 0.173769 -0.376002 -0.083795 0.056242 -0.251349 -0.190915 -0.254838 0.218624
0.078046 0.048833 0.033124 0.088854 0.262803 0.097990 -0.090518 -0.073172 0.021454 0.148550
0.069719 -0.062527 -0.213284 0.019743 0.193729 -0.268928 -0.024223 0.155278 -0.170676 0.055623
-0.013897 -0.027494 0.058030 -0.019369 -0.021728 -0.151344 -0.001728 -0.310741 -0.027960 -0.006636
0.017811 0.121524 -0.323782 0.074203 -0.255200 -0.065074 0.271482 -0.133168 -0.180176 -0.274161
0.045893 0.129747 -0.048037 0.088894 0.047051 -0.076967 0.179897 -0.069167 0.171500 -0.033747
-0.051049 0.146356 -0.137547 0.032954 0.231665 -0.101904 0.152259 0.072359 -0.533749 -0.350375
-0.000834 0.125539 -0.013503 0.022659 0.124813 -0.137354 0.016251 -0.174999 -0.139882 0.174900
-0.195998 0.057928 -0.410561 -0.158774 0.162990 -0.186093 0.044611 0.249461 0.127895 -0.089543
0.119820 -0.170968 -0.028321 0.007174 -0.183650 0.065223 -0.020290 0.145246 -0.004878 0.044799
-0.111326 0.028588 0.067769 0.067502 0.017387 -0.134379 -0.188125 0.026179 -0.050966 0.148992
-0.023763 -0.088468 -0.046629 0.037762 0.225772 0.046700 -0.166195 -0.160652 -0.092215 0.018799
0.035475 -0.182024 0.154210 0.158625 -0.172813 -0.012094 0.248771 0.204064 0.199759 0.018921
-0.116553 0.049193 0.258563 0.001171 0.039396 0.022234 -0.105981 0.242750 -0.177393 -0.036444
-0.004429 0.138099 0.249042 -0.090214 0.147294 0.109391 0.249534 0.086623 -0.042649 -0.471092
0.124132 0.377102 0.108056 -0.175164 -0.116750 0.263579 -0.025791 -0.161234 -0.032826 0.134525
0.256581 -0.003341 0.045935 0.106068 0.039640 0.253901 0.019454 -0.235962 -0.086129 0.105295
0.007236 -0.145346 -0.078819 -0.170800 0.051546 -0.035082 -0.142317 0.140156 0.075231 -0.125957
-0.317720 -0.306976 0.162388 -0.150329 0.082248 -0.090442 0.080974 -0.082445 -0.389484 -0.222578
-0.086549 -0.029266 0.307021 -0.138392 -0.073433 -0.013819 -0.002500 -0.067265 0.183455 0.108155
0.211583 0.156849 0.170003 -0.044141 0.210844 0.188026 0.057648 -0.170934 0.113783 0.089889
-0.036972 -0.033322 0.060427 -0.059162 0.124657 -0.104930 -0.376972 -0.356294 -0.038519 0.357318
-0.022814 0.116640 -0.057441 0.232357 0.086872 0.055088 -0.015801 -0.146231 0.093423 0.258704
-0.094010 0.159835 -0.002221 0.071435 0.080831 0.005553 0.123232 -0.037798 0.021675 0.099577
-0.197969 0.060046 -0.124997 0.181738 0.216846 -0.180545 0.337905 -0.074013 0.084295 -0.072368
0.013038 -0.011668 -0.336963 -0.067056 -0.147684 0.026942 0.004206 0.044787 -0.051057 0.072547
0.208541 0.202331 0.246709 0.228608 0.171854 -0.009712 -0.104047 -0.003045 -0.150158 -0.183693
-0.106113 -0.257734 0.020379 0.158613 -0.143205 -0.366979 -0.025276 -0.239093 -0.148098 0.045300
-0.031034 -0.028130 -0.209000 -0.029268 -0.128060 0.131236 -0.032664 0.147478 0.141564 0.082016
0.012125 0.059221 -0.026234 -0.057790 -0.101807 -0.244233 0.092743 0.213406 0.173137 -0.135411
-0.219162 -0.008146 0.171663 -0.269519 -0.103816 -0.076155 0.036185 0.104134 0.181078 -0.077606
0.109165 0.049457 0.023429 0.042942 -0.036962 -0.375644 0.050878 0.048028 -0.282375 0.320564
0.072784 0.089997 -0.110743 0.106726 -0.020066 -0.016078 0.014425 -0.077367 -0.164503 -0.055105
0.153433 0.124975 0.294904 -0.099934 0.213456 0.244488 -0.064276 0.230600 0.058143 -0.004094
-0.158283 0.322271 0.215118 0.113692 0.119481 0.289681 0.066053 0.080232 -0.111989 -0.101053
-0.163078 -0.036329 0.264507 -0.178240 -0.257977 0.267089 -0.137927 0.165594 -0.158586 -0.284439
-0.066548 0.128295 -0.044412 0.029704 -0.069186 0.138616 -0.107114 0.095015 -0.079525 0.074892
-0.058737 0.047891 -0.116289 -0.142878 -0.187628 0.000127 0.047556 -0.044928 0.007789 0.296407
-0.319812 -0.193378 -0.263044 -0.077176 0.035890 0.310423 -0.145577 0.290485 -0.109716 0.193635
-0.165220 -0.070690 0.256778 -0.037983 -0.050838 0.252033 -0.112248 -0.117046 -0.670246 0.123295
0.065864 0.536851 0.159572 0.032502 0.081670 0.081908 0.316620 0.154130 -0.153321 -0.225868
-0.206120 0.081460 -0.225251 0.106408 -0.171399 -0.060226 0.148475 0.298460 0.127667 0.066142
-0.149469 0.201197 -0.169260 -0.046115 0.135227 -0.248719 0.370771 0.186236 0.118055 0.075827
-0.177276 0.156735 -0.005715 -0.271415 0.324391 0.061834 -0.208512 0.033638 -0.037442 0.011398
-0.560419 0.079214 -0.060833 0.104268 0.202905 -0.181623 -0.123040 -0.219716 0.127127 0.041214
-0.161978 0.158834 -0.197590 -0.041275 -0.009822 -0.246962 0.177485 -0.163076 -0.191354 0.191204
0.424899 0.025014 0.030625 -0.065123 0.265638 0.130069 0.140923 -0.220842 0.076200 0.050737
0.044150 -0.021951 0.039964 0.305761 0.149309 -0.015613 -0.282747 0.345482 0.224918 -0.039852
0.156944 -0.159409 0.056804 -0.023780 -0.182848 0.177289 -0.024824 -0.238895 0.001361 0.064846
0.313197 0.079198 -0.215693 0.024275 -0.229506 -0.282329 -0.064244 0.227634 0.154420 -0.043543
0.083204 -0.035148 0.051911 0.039813 -0.034830 -0.316448 -0.004740 -0.042572 -0.113974 -0.146191
0.089641 -0.232124 -0.121904 -0.127174 0.146194 0.022732 -0.222324 0.141013 -0.296765 -0.062738
-0.071729 -0.412131 -0.028850 -0.256259 -0.053860 -0.058559 0.008205 0.085122 0.178282 -0.029399
0.369388 -0.017742 -0.163186 0.005680 -0.021627 0.009709 0.053388 0.174394 -0.031422 0.152831
-0.030602 -0.242533 0.075819 0.125139 -0.257344 -0.022280 -0.141108 0.040099 0.006973 0.097893
-0.131424 0.021140 0.242213 0.114187 0.107109 0.109207 -0.156754 0.507136 -0.030501 -0.158044
-0.426222 -0.030434 -0.017584 0.238852 0.179404 0.203658 0.127521 -0.072448 -0.106446 0.102265
0.172918 -0.045319 -0.098643 -0.170423 -0.177811 -0.190491 0.217406 0.066359 -0.079699 -0.171472
-0.385256 0.192299 0.275718 0.176946 0.456623 0.481765 -0.091495 -0.011693 0.391148 -0.002111
0.192812 0.073308 -0.232796 0.023854 0.047010 0.092342 -0.150831 0.008599 -0.001763 0.143180
-0.032352 -0.062104 -0.206135 -0.172960 0.071089 0.060930 -0.133867 -0.328380 -0.225027 0.217660
0.053441 -0.165301 0.271664 0.027553 -0.258371 -0.017097 0.011209 -0.065825 0.059859 0.324531
-0.107014 -0.030026 -0.179033 0.076639 0.001566 -0.060185 -0.280967 0.047025 0.103704 0.018413
0.015964 0.023543 0.084196 0.024140 0.164544 -0.178831 -0.064437 -0.055499 0.097833 -0.115883
-0.043323 -0.161270 -0.185779 -0.035211 0.155245 0.226029 0.142557 -0.021374 -0.418773 0.018929
0.012973 -0.279817 0.014351 -0.074894 0.079783 0.178740 -0.224972 -0.010108 -0.121337 0.019350
-0.159781 -0.141682 -0.021708 0.064843 -0.090521 0.030235 -0.048699 0.247188 -0.122383 0.014005
0.034737 -0.178923 -0.060652 -0.176914 -0.017547 0.019929 0.282114 -0.238396 -0.391980 0.171048
-0.342856 0.191499 -0.295744 -0.080663 -0.089969 0.170540 -0.037412 0.131527 -0.033588 0.161120
-0.226284 -0.089241 0.228482 -0.140179 0.104904 0.235650 0.260549 -0.110993 -0.269086 -0.129627
0.009355 0.252297 0.059521 0.004374 -0.021992 -0.068393 -0.088681 -0.105727 0.170115 0.144766
-0.283175 0.044764 0.110458 -0.123149 -0.007087 0.125788 -0.171837 0.228597 0.131441 0.047368
0.103677 -0.253033 -0.067436 -0.076417 0.009524 0.064446 -0.074579 0.095922 0.148352 0.135705
-0.190582 -0.267883 0.139570 0.027800 -0.090023 -0.147955 -0.147728 0.020414 -0.183195 -0.003163
