-0.199349 -0.080146 -0.187534 -0.204073 -0.356474 -0.081331 -0.076678 0.314571 0.112623 0.106222
-0.032838 0.078936 -0.095142 -0.040898 -0.260746 -0.045146 -0.017878 0.223049 0.242304 -0.006263
0.068159 -0.135810 -0.347517 0.151703 0.073816 0.314952 -0.009438 -0.261786 -0.072277 -0.202941
-0.048050 -0.092764 -0.059705 0.109422 0.081021 -0.287814 -0.097387 -0.161292 0.012623 -0.136313
-0.003916 0.083611 0.072534 0.000584 -0.133942 -0.173147 0.051049 0.028303 0.413680 -0.066344
0.151307 0.037003 -0.301889 -0.359538 -0.318009 -0.273406 -0.219367 0.047692 -0.151116 0.094898
0.149423 0.139929 -0.095217 0.040045 -0.019755 0.119831 -0.002051 -0.415564 0.073267 -0.083913
0.045579 -0.232914 0.078492 -0.242188 -0.111124 0.085643 -0.208052 0.031923 -0.121392 -0.017312
-0.078401 -0.078608 -0.289431 0.011757 0.126518 -0.203933 0.203323 -0.266777 -0.010235 -0.059908
-0.024039 -0.058573 -0.325923 0.117903 0.138565 0.291068 -0.119658 -0.323577 -0.084714 -0.127945
0.200032 -0.027568 -0.442113 0.215094 -0.133197 0.158162 0.003480 -0.060781 0.095522 -0.218136
0.065412 0.122771 0.316203 -0.102290 -0.179803 -0.019587 -0.506602 -0.296134 0.038670 -0.084233
0.197261 0.288651 -0.100185 -0.191062 -0.030329 -0.245842 -0.115118 0.012689 -0.215120 -0.186058
0.249138 0.026014 -0.161018 -0.025331 -0.106072 -0.057586 0.149271 -0.111869 -0.220013 0.048378
-0.118125 0.153980 0.167516 -0.055507 -0.001568 0.002940 0.059716 -0.065108 -0.146638 -0.410759
0.177690 0.130782 0.223513 0.119421 -0.000621 -0.142107 -0.139549 0.258308 0.024596 -0.069587
-0.146792 -0.005406 -0.203028 0.026861 -0.068145 -0.160273 -0.119035 -0.024643 -0.126425 0.034575
-0.058457 0.157047 0.093267 0.202902 -0.117198 0.359144 -0.092895 -0.084900 0.015827 0.365278
-0.088210 0.049658 -0.033732 -0.348662 -0.027941 -0.302069 -0.218916 0.067631 0.151815 -0.132608
0.068147 0.222264 -0.031365 -0.000528 0.186261 0.049096 -0.031162 -0.167307 -0.141296 -0.012712
-0.105430 0.116044 0.176785 -0.054472 -0.218589 0.140706 -0.011044 -0.014977 -0.253543 0.299516
0.028406 0.021937 0.247722 -0.003369 -0.015340 0.161193 -0.395342 0.248905 0.048871 0.025065
0.143178 0.064015 0.205542 0.036257 -0.128414 0.073361 0.006425 0.204255 -0.154159 0.143894
-0.166511 0.132634 0.227633 -0.003310 0.558392 -0.230113 -0.138815 0.231069 -0.272032 0.329354
0.163749 -0.155189 -0.000277 -0.263733 0.399372 -0.063474 -0.177766 0.000772 -0.033764 -0.066591
0.321097 0.092855 -0.290192 0.062518 0.056789 -0.263784 -0.049711 0.034307 0.159151 -0.066857
-0.148550 -0.046473 -0.021551 -0.238234 -0.270185 0.116494 -0.281927 -0.057160 0.024128 0.083459
-0.174077 0.157677 0.050690 0.082563 0.080404 0.001458 0.164758 -0.254419 0.093577 -0.037933
-0.372323 -0.287315 0.044796 -0.181964 -0.262131 0.000566 -0.050144 -0.068710 -0.129797 0.023090
-0.345903 0.181070 0.168640 -0.011710 -0.234895 0.194800 -0.122238 -0.010596 -0.091442 -0.058393
0.113344 0.191882 -0.029599 0.134641 -0.080185 0.295934 0.145801 0.069989 -0.265843 0.064911
0.043295 -0.018587 -0.202940 -0.064766 -0.085883 -0.062200 0.049061 0.207863 -0.207358 0.065912
0.206695 -0.028054 -0.461632 0.270241 -0.063399 -0.059950 0.298954 -0.006212 -0.041330 -0.019360
0.041425 0.185490 0.078326 0.271178 0.157942 -0.103882 -0.217220 -0.084622 0.004418 -0.093256
0.156286 0.104026 0.049328 -0.014483 -0.025689 -0.020688 0.235961 0.195086 -0.146312 0.239045
0.118199 -0.397751 0.271067 -0.032041 -0.011254 -0.182063 0.416394 -0.205300 -0.246227 -0.135744
-0.244614 0.286770 -0.137313 0.189465 -0.063236 -0.002632 0.186526 0.305867 0.008046 0.241693
0.039999 0.227028 -0.147762 0.099061 0.381498 -0.035317 0.116618 -0.156048 0.305257 0.039125
-0.166463 0.192078 -0.209037 -0.115739 0.047354 -0.054784 0.278675 -0.075078 0.024369 0.307406
0.257264 -0.155678 -0.014067 0.088391 -0.209784 -0.098014 -0.094663 0.083426 0.353354 0.045302
0.063485 -0.036880 0.151094 -0.073480 -0.059436 -0.134841 -0.061397 -0.025904 -0.059360 -0.247427
-0.048475 -0.098968 -0.097783 0.172710 -0.274870 0.043271 -0.135509 0.045006 -0.133186 -0.009074
0.023181 0.192391 -0.137486 -0.062435 0.007955 -0.005103 -0.054660 -0.075749 0.194072 -0.390825
-0.279922 -0.244271 0.063779 -0.362671 -0.057734 0.051299 0.129083 -0.234090 -0.014754 0.183782
0.178720 -0.172625 -0.155608 0.003578 0.025333 -0.010477 -0.229220 -0.002879 0.154039 -0.019277
-0.369352 0.194369 0.300571 0.009196 0.056345 -0.103011 -0.181844 0.321641 0.053170 -0.075507
-0.260875 -0.232987 -0.590702 -0.150819 0.016555 -0.187788 0.051645 -0.455981 0.351676 0.053315
-0.150985 0.184014 -0.071305 -0.053647 0.014825 -0.240300 -0.171637 -0.009455 0.278784 -0.088553
0.044478 -0.049350 -0.259811 -0.165112 0.030346 -0.240472 -0.051518 -0.207493 -0.131931 0.086254
-0.291208 0.034899 0.253858 -0.231019 0.162784 0.016332 0.184457 0.344391 -0.045118 -0.111842
-0.314909 -0.010562 -0.230580 -0.002992 -0.017888 0.072559 -0.082134 0.098876 -0.022721 -0.025767
0.276221 -0.245522 0.110928 -0.022175 -0.021185 -0.183898 -0.327797 0.022323 -0.066844 -0.078979
-0.354121 -0.094611 -0.011215 0.079342 0.053474 -0.001867 -0.118524 -0.110350 0.300467 -0.194699
0.142893 -0.119226 -0.040476 -0.185436 -0.005949 0.140886 0.003083 -0.118797 0.165646 -0.205414
0.455384 -0.233644 0.080415 0.167456 0.068918 0.144437 0.185858 0.019882 -0.017339 -0.114858
-0.231315 0.093047 -0.190331 0.168061 -0.007268 -0.063258 -0.181551 0.087517 0.237390 0.347724
-0.073217 0.015887 0.222335 0.397082 0.421710 -0.107126 0.034357 -0.251324 -0.407404 0.159548
0.054242 -0.043334 0.449402 -0.084647 -0.517265 -0.200929 0.138484 0.136156 0.057503 0.060530
0.087933 0.428961 -0.017375 0.158992 -0.089584 -0.080003 -0.023213 0.029573 0.317331 -0.292249
0.011335 -0.135751 0.108919 0.250816 0.054938 -0.123359 -0.027351 -0.055737 0.269733 -0.231169
-0.350899 -0.197277 -0.030291 0.185468 -0.039750 0.002905 0.326702 -0.050445 -0.125628 0.191017
0.172045 -0.078730 0.161460 -0.017792 -0.034329 -0.032256 0.285567 -0.276621 0.212099 0.029692
-0.038622 -0.051089 -0.155771 0.213352 -0.068634 0.064929 -0.144766 0.048700 -0.440823 0.033604
-0.181892 0.110012 0.024166 -0.121166 -0.057650 -0.179800 -0.153771 0.272258 0.133780 -0.138878
-0.208887 0.110177 0.251003 -0.454703 0.017624 0.039784 0.198306 -0.334940 -0.175119 -0.006356
0.155541 0.033406 0.346117 -0.081761 0.186082 0.083483 0.224338 0.232863 0.112772 -0.291340
-0.139656 0.145440 -0.049960 0.086179 0.451833 0.072365 0.080930 -0.104702 -0.100009 0.039390
0.170605 0.237284 0.320181 0.129373 -0.195004 -0.294588 0.123196 -0.160079 0.148298 0.159041
0.334310 -0.300651 -0.240783 -0.242166 -0.157038 0.013357 0.034861 -0.031464 0.040210 -0.035809
0.097526 0.167814 0.063334 0.010198 0.347050 -0.128796 0.028335 -0.218808 -0.099010 0.016939
-0.062215 0.103648 0.330898 -0.128096 -0.226959 0.024941 -0.008887 0.267738 0.159897 0.125749
0.027424 -0.011570 -0.190529 0.062559 0.075035 0.110909 0.203814 -0.169212 0.304222 -0.152991
-0.150916 -0.045637 0.296743 0.080791 0.373018 0.116192 0.015261 0.094178 -0.066016 -0.191816
-0.183357 0.094438 0.140668 0.012262 0.128689 0.075474 -0.083023 -0.278263 -0.081975 -0.054077
0.123500 -0.085246 0.426637 0.100340 0.296874 0.317330 -0.061111 -0.092765 -0.464715 0.074067
-0.041676 0.147937 0.059947 -0.038720 0.080254 0.025548 -0.161869 -0.108720 -0.296152 0.170920
0.037800 -0.391440 -0.014495 0.161749 0.215771 -0.169218 0.216982 0.027197 -0.001068 -0.027033
0.086471 0.272480 0.033444 0.195895 -0.222152 0.023198 -0.088903 -0.119256 0.227264 0.142695
-0.197453 0.074641 0.187816 0.237707 -0.000600 0.080640 0.222875 -0.036276 0.102593 0.155231
0.096824 0.154472 -0.193329 -0.041104 -0.084674 -0.066600 -0.226140 0.061515 0.001432 0.123223
