-0.078106 0.145491 -0.053997 0.209971 0.009625 -0.083713 -0.268822 -0.017344 -0.043082 0.209016
-0.101082 0.097024 0.093587 0.284729 -0.063904 0.279320 -0.022653 0.199224 -0.032174 0.103458
0.096574 -0.215543 -0.036706 -0.141071 -0.107848 -0.188975 0.027071 0.107378 0.193385 -0.006887
0.459194 -0.090296 -0.114470 0.079221 0.022324 -0.400733 0.013203 0.001438 0.175927 0.164122
-0.162129 -0.039830 0.107855 -0.530742 -0.135588 0.014982 0.156402 0.035893 -0.031629 0.189514
-0.151739 -0.190697 -0.069783 0.134976 0.179596 0.044941 -0.075482 -0.161245 -0.304416 0.022005
-0.012600 0.070363 -0.330377 0.221209 0.256331 -0.067176 -0.177413 -0.204028 0.126693 -0.063573
0.070426 -0.109444 -0.258001 0.268435 -0.076907 -0.049287 0.168042 -0.082843 -0.175677 0.081820
-0.145158 -0.091363 -0.270231 0.108823 0.143965 -0.280560 -0.121683 0.482281 -0.048972 0.273630
-0.128108 -0.088114 0.255177 0.075329 -0.326186 0.111147 -0.157278 0.056714 -0.097585 -0.050936
0.333564 -0.051649 0.112212 0.173902 -0.250030 0.221387 0.057649 0.134323 0.184736 0.010428
0.065973 -0.075053 -0.282400 -0.054333 -0.202544 0.081667 -0.039858 -0.211596 0.134270 -0.004405
