-0.121865 0.235030 0.032510 -0.069353 0.133454 -0.195259 -0.509689 -0.111272 -0.350994 -0.068232
-0.267864 -0.018880 -0.039732 0.246970 0.006429 0.022456 0.086832 0.222957 -0.074664 -0.018815
-0.238458 0.167200 0.043628 -0.051825 -0.055616 0.281162 0.062295 -0.111717 0.131035 0.159529
-0.056122 0.022238 -0.039602 0.075696 0.006747 0.354540 -0.114790 -0.136565 0.013260 0.147549
-0.394036 0.125136 0.246641 -0.010164 -0.165911 0.070046 0.211586 -0.011917 0.024210 -0.230391
0.290794 0.263633 -0.090583 0.071526 0.106187 0.063934 0.336380 0.129866 -0.081544 0.035410
-0.262209 0.146926 0.016090 -0.125984 -0.060585 -0.048629 -0.249308 0.051915 0.244917 0.030728
0.014830 0.170619 0.013938 -0.144356 -0.004811 -0.192001 0.135332 -0.169666 0.371834 0.055986
-0.041192 -0.124138 0.103218 0.056963 0.158225 -0.257560 -0.267672 -0.169714 -0.327229 0.095805
-0.002505 -0.171405 -0.031746 -0.388270 -0.068731 -0.113669 -0.257667 -0.274010 0.138360 0.030614
0.076445 0.052708 0.121038 0.048830 0.006410 -0.086097 -0.191864 0.105674 0.147301 -0.004426
-0.005888 -0.165177 0.069043 0.121957 -0.225866 -0.095286 -0.023122 -0.313051 -0.052821 -0.039091
