0.057834
-0.827972
-0.348322
0.045935
0.000284
0.144889
0.021154
-0.398681
0.082291
-0.497405
-0.189601
-0.470635
0.794013
0.042181
-0.605386
-0.159753
-0.093938
0.550022
0.490666
0.631743
0.885843
0.661855
-0.076122
0.661974
0.303505
-0.745161
-0.021562
-0.333127
-0.962746
0.533565
0.129865
-1.835985
0.996486
0.251619
-0.046703
0.050783
-0.036978
0.644529
1.011608
0.956710
0.595303
-1.707234
0.273044
0.106219
-0.532782
-1.145671
0.279580
-0.462186
-0.343373
0.074339
-0.869500
0.251275
-0.529873
-0.565835
-0.334173
0.487951
0.102823
0.467788
0.260719
-0.092248
-0.015813
0.754290
0.359984
1.042349
-0.067170
-0.282303
0.394711
-0.224737
-0.017394
-0.749468
0.100745
-0.120790
-0.139502
-0.125919
-0.324913
0.130343
0.289156
0.292842
-0.377748
-1.316137
0.410083
-0.682329
-1.012463
1.247356
0.360409
-0.354989
-1.038090
0.196390
0.225697
0.219997
-0.166441
0.506945
-0.438507
-0.422873
-0.699752
-0.264882
-0.140739
-0.272942
-0.567640
0.379050
0.004899
0.417813
0.102043
-0.154590
0.097873
-0.090112
0.430548
-0.065024
0.381753
0.145505
-1.243066
-0.143941
-0.144290
0.296778
-1.135808
-0.002499
0.360767
-0.050466
-0.327585
0.090224
