-0.112465 0.070911 -0.133214 0.023661 0.117141 0.105284 0.248932 0.085823 0.114942 -0.063047
-0.200209 -0.098619 -0.038083 0.112755 -0.356261 0.207711 0.022190 0.000806 -0.026990 0.045554
-0.311266 0.239982 0.012254 0.232769 0.232653 0.075708 -0.011265 -0.157644 -0.056213 0.238768
-0.172506 -0.277615 -0.089802 -0.122701 0.167368 0.097135 -0.098685 -0.165133 -0.187626 -0.040943
-0.051244 0.006542 0.100890 0.147908 -0.304303 -0.023221 -0.189825 -0.269231 -0.082958 0.008186
0.128754 0.063891 0.135863 0.197567 0.305585 -0.013461 0.154043 0.090061 -0.092645 0.060980
-0.106355 0.015233 -0.103473 -0.062456 0.087535 -0.303739 -0.012840 -0.006465 0.138334 -0.077233
-0.056697 -0.228556 0.024830 -0.244396 0.186280 0.269430 0.239689 -0.037577 -0.274099 0.045323
-0.059453 -0.200823 -0.142098 -0.148175 -0.199057 0.185377 -0.145148 0.222081 -0.220225 -0.226344
-0.039398 -0.206374 0.159308 -0.089818 0.013010 -0.158151 0.038244 -0.155898 0.118350 0.292674
0.041919 0.019671 0.233537 -0.065414 0.138825 0.186267 0.025887 0.075413 -0.020211 0.043678
-0.133116 -0.055502 -0.487842 0.226318 0.066842 -0.091398 0.074560 -0.038464 0.050915 0.077518
0.077252 -0.106059 -0.172665 0.062281 0.383966 0.203527 -0.065689 -0.122550 0.012253 0.077595
-0.391101 -0.251589 0.187924 -0.089777 -0.161118 -0.102265 -0.044063 -0.081511 0.057946 -0.061808
0.092371 -0.010357 -0.027530 0.060024 -0.126782 0.433570 -0.194765 0.101827 0.035837 -0.007023
0.417051 0.131505 -0.217307 0.211353 -0.013111 -0.180751 0.329843 0.017864 0.050446 0.528935
-0.201437 -0.070431 -0.006434 0.359145 0.104470 0.039393 -0.167473 0.152936 -0.029530 -0.324640
-0.107922 -0.152072 -0.116828 0.139690 -0.004770 -0.456985 0.266686 -0.065626 0.059251 -0.074237
0.096746 -0.009879 -0.063759 0.000819 0.094537 0.344253 0.430103 0.250240 -0.188082 -0.108594
-0.226049 0.209591 -0.025530 0.075953 0.147656 0.100468 0.129038 0.105599 -0.134834 0.104829
-0.276308 0.274537 0.172521 -0.180264 -0.044895 0.083691 0.212857 -0.071530 -0.042875 -0.025037
-0.241347 -0.198461 0.068691 0.145324 0.000747 0.312842 0.110118 -0.142587 -0.090200 -0.140817
-0.084995 -0.247849 -0.304158 -0.249644 -0.333229 0.203198 -0.195602 0.131287 0.232342 0.051219
-0.157986 -0.017626 0.007796 -0.182856 0.155670 -0.126661 0.149161 -0.001226 0.353092 -0.083085
-0.183723 -0.172811 -0.017824 -0.011705 0.032778 -0.080282 0.088950 0.232732 0.208364 0.086480
0.132314 -0.388769 -0.231985 0.074899 -0.202436 0.255977 -0.402997 0.079178 0.009762 0.292977
0.029483 0.034247 -0.118149 -0.208330 0.045143 0.090071 0.222141 -0.145647 0.000798 0.054318
-0.070942 -0.073790 -0.297277 0.052200 0.127862 0.208481 0.001234 -0.101930 0.365490 0.027962
-0.092268 0.007287 -0.028943 0.345295 0.146012 0.068534 0.197583 0.050844 0.124901 0.274479
0.132435 0.078949 0.045282 0.224121 0.071587 0.116869 -0.146433 -0.120034 -0.502813 0.196730
0.343898 -0.116658 0.013841 -0.012439 -0.048024 0.029760 -0.068184 0.000358 -0.296301 0.053742
0.280665 0.011014 -0.243409 0.052888 0.227075 0.017299 -0.023520 -0.191781 0.226264 -0.176576
0.031591 -0.182694 -0.163574 -0.278195 -0.200007 -0.025446 -0.256337 -0.023913 0.175419 0.190974
0.055897 -0.362511 -0.267998 -0.031698 0.409002 -0.232065 0.147178 0.033739 -0.208089 0.162028
-0.034138 -0.142156 0.093650 -0.074090 -0.239300 0.172031 0.150339 0.244309 0.172674 -0.125646
0.147924 -0.177785 -0.290935 0.216791 -0.105867 0.029085 -0.245770 0.425348 0.002795 -0.032199
-0.081816 -0.283216 -0.099412 -0.119083 -0.008709 0.034883 -0.024119 -0.189819 0.287163 0.092196
-0.106968 0.063030 -0.241937 -0.036083 0.405919 0.031489 0.216658 -0.225876 0.216686 -0.192450
-0.232816 0.349280 0.200910 -0.358070 0.124329 0.396749 0.025778 0.368355 -0.286212 0.296178
-0.219161 0.050711 -0.145457 0.418012 0.045770 0.250743 -0.217363 -0.099257 -0.074779 -0.067762
0.019970 -0.011660 -0.151650 -0.073127 0.070668 0.350260 -0.116520 -0.117520 0.003378 0.009396
0.411651 -0.018959 -0.132537 -0.082402 0.017883 -0.116097 -0.148276 0.175889 0.105719 0.015876
0.105794 0.189534 0.148097 -0.008256 0.273505 0.060879 -0.030377 0.320608 -0.322893 -0.109755
-0.253975 -0.117672 -0.081812 0.093339 -0.373310 -0.053536 -0.093940 -0.123931 0.022214 0.158886
0.253864 0.219039 0.080574 -0.041730 0.208361 0.034405 -0.342979 -0.148535 0.070245 0.036375
-0.009012 0.145778 0.047644 -0.165826 0.036695 0.014274 -0.135732 -0.179016 0.335627 0.016999
0.027306 0.122844 -0.008928 -0.121470 0.187384 -0.042610 -0.018174 -0.072814 0.086708 -0.019916
0.068097 -0.041448 -0.126340 -0.369541 0.123898 0.124363 -0.270808 0.278692 -0.219902 0.184495
-0.013938 -0.030550 -0.077979 0.066419 -0.227833 0.037414 -0.067476 0.043149 0.003755 0.267020
0.007085 0.158079 -0.180332 0.125363 0.323543 -0.025675 0.122737 -0.036046 0.108882 0.123286
-0.204502 0.204086 0.137150 0.014052 -0.213528 0.125374 0.168760 0.091349 0.234947 -0.009689
0.043680 0.168669 0.241177 0.075156 -0.198270 -0.009371 -0.194712 -0.196655 0.037127 -0.116968
0.096503 0.044220 -0.096154 0.017115 0.113912 -0.025618 -0.000149 -0.082382 -0.039170 0.131896
-0.011963 -0.106610 -0.170895 -0.204305 0.058109 0.167915 0.142682 -0.101494 -0.323194 0.260274
-0.019358 0.272891 -0.444560 0.027238 0.007878 0.181836 -0.129360 -0.210301 -0.029985 -0.029772
-0.257715 0.143666 0.219096 0.162414 -0.051313 0.157602 0.230402 -0.112348 0.311189 -0.331704
-0.014418 0.092194 -0.155993 -0.289521 -0.059626 -0.091978 0.009461 0.163030 0.007860 -0.138687
-0.142481 0.075900 -0.079462 -0.208665 0.427763 -0.271249 0.014247 -0.272563 -0.131837 0.196602
-0.189181 -0.246499 -0.227524 0.116735 0.075723 0.222850 0.071311 -0.261977 -0.256016 -0.025683
0.212897 -0.080502 -0.224504 0.053088 -0.017437 0.072925 0.309268 0.049017 -0.176206 0.031437
0.118935 -0.014450 0.047226 -0.045952 0.033678 -0.132481 -0.066066 0.010781 0.237491 -0.136473
-0.054004 -0.347625 0.121146 0.450933 0.553583 -0.043468 -0.049001 -0.118650 0.112608 -0.000533
-0.149174 -0.353059 0.152748 0.068598 0.170807 0.022621 -0.166742 0.152866 -0.055570 0.084851
0.258239 0.108102 0.141088 0.109568 0.093354 -0.019374 -0.093695 -0.240171 -0.172300 0.113732
-0.378654 -0.279786 0.267283 -0.094048 -0.052369 -0.205707 0.002032 -0.063580 -0.158315 -0.001280
0.146550 0.153231 0.025836 -0.099981 -0.111101 -0.243554 0.208858 -0.028688 0.059157 -0.089690
-0.101250 -0.502374 -0.155825 -0.113566 -0.169421 -0.019296 0.179779 0.000302 0.083185 -0.185277
0.277923 0.152518 -0.120496 -0.064045 -0.056593 0.329387 0.153016 -0.272540 0.049577 -0.176205
-0.030114 0.125268 -0.138851 -0.039250 0.022320 0.323185 -0.042695 0.065856 0.024870 -0.318733
0.235252 0.389733 -0.045835 0.069497 -0.235743 0.002447 0.030744 -0.048257 0.209257 0.021151
-0.343600 -0.185709 -0.453644 -0.008897 0.031113 -0.078241 -0.184798 0.039974 0.047406 -0.006316
0.095999 -0.041447 0.116496 0.123084 0.008904 -0.148183 0.151969 0.053869 -0.042849 0.050227
-0.039773 0.093686 -0.052544 0.356503 -0.171950 0.193861 0.030944 0.195731 -0.355397 0.133366
0.048249 0.028809 -0.144833 -0.138628 0.162628 -0.025551 0.105471 0.264393 -0.020784 0.048431
-0.150603 0.115387 0.354036 0.162737 -0.417106 0.099255 0.274577 0.286504 -0.053915 0.176290
-0.253612 0.148299 -0.170747 0.149291 -0.353324 0.001003 -0.263681 -0.219821 0.373719 -0.110480
-0.318533 -0.149919 -0.020734 -0.137494 -0.172354 0.109465 0.051749 0.085944 0.031756 -0.033340
-0.150254 0.199280 0.166968 0.308734 0.019671 0.291186 -0.035667 -0.304562 -0.122367 -0.047176
0.244809 0.317724 -0.125702 0.110791 -0.361215 0.026420 0.060220 -0.269688 0.152476 0.028718
0.160376 -0.267377 0.053000 -0.107963 0.080845 -0.341580 -0.179953 0.104297 -0.064704 -0.056180
