-0.288226 0.023320 -0.189204 -0.129061 0.066857 0.179156 0.103396 -0.178639 0.243659 0.111820
-0.120962 -0.144869 -0.133951 -0.179228 0.048409 0.093892 0.177941 0.102608 0.191851 -0.243253
-0.035551 0.004195 -0.184419 0.061119 0.259356 -0.079943 -0.135305 0.101913 -0.048795 -0.022072
0.021063 0.001319 -0.102217 0.159535 0.171852 0.022069 0.079149 -0.000842 -0.032733 0.091593
-0.214192 -0.149001 -0.304014 -0.205800 -0.356905 0.154567 0.125851 -0.199235 -0.080769 0.284446
-0.060994 -0.127553 0.434187 -0.155133 0.168939 -0.059997 -0.280860 0.147531 -0.170290 0.048336
-0.035836 0.047314 -0.015585 -0.230428 0.119311 0.096792 0.155603 -0.158120 -0.023946 -0.138670
-0.211381 0.250556 -0.006367 -0.210762 -0.179514 0.070031 -0.040174 0.106264 -0.009962 -0.223265
0.064404 -0.088337 0.021068 0.345639 -0.231114 -0.090135 -0.078136 -0.224652 -0.029852 0.147920
-0.169769 0.290614 0.341667 -0.149942 -0.133701 -0.245254 -0.085511 -0.153633 -0.065927 -0.058341
0.021204 -0.116562 -0.039437 0.305416 0.062352 0.137708 0.023239 -0.143526 -0.014720 0.165691
-0.289075 -0.159997 -0.203690 -0.010587 0.228757 -0.021300 0.154105 0.012307 -0.019514 -0.292850
-0.091145 0.104337 -0.139180 -0.194452 0.052828 0.312395 0.166176 -0.308175 0.150761 0.201912
-0.117018 0.251463 -0.009894 -0.303704 -0.029064 -0.010247 0.295242 -0.011583 -0.244639 0.240092
-0.194409 0.304996 0.077958 -0.097954 0.097471 0.017983 0.185590 -0.123472 0.172913 -0.035238
-0.059600 -0.085997 0.116394 0.081894 0.099878 0.103040 -0.022133 0.267244 0.135701 0.075668
-0.193742 -0.146912 -0.024256 0.055980 -0.148575 -0.230287 -0.504538 -0.130320 0.074864 0.291200
-0.052462 -0.013891 0.067043 0.136691 -0.111705 -0.171058 -0.186936 0.200762 0.128738 0.078521
0.026376 0.102266 -0.187994 -0.332514 -0.224855 0.157418 -0.262489 -0.153916 0.178161 0.014815
-0.010096 0.094318 0.116799 -0.167188 -0.117268 -0.088977 0.080045 -0.024700 -0.094688 -0.080288
0.149061 -0.155267 0.125077 -0.067750 -0.002800 -0.092104 0.058449 0.006107 -0.003711 0.247544
0.113570 0.201816 -0.209753 0.047338 -0.014604 -0.057836 0.051697 0.042146 0.475258 0.079221
-0.424927 -0.370538 -0.054090 -0.069800 0.066140 -0.269905 -0.031955 -0.099891 0.058209 0.011138
-0.081030 -0.076909 0.160843 0.322636 -0.079283 0.264109 -0.274604 -0.210410 0.176454 0.080536
-0.066185 -0.239044 0.060027 0.304522 0.115751 0.071515 -0.062248 0.211498 0.193290 0.175418
0.002251 -0.262535 0.043777 0.025740 -0.173061 -0.037025 -0.009312 -0.082533 -0.150430 -0.060348
0.342859 0.078087 -0.279059 0.030483 -0.218529 -0.004113 -0.193231 -0.154248 0.080008 0.084509
-0.069736 0.107425 0.436105 0.243005 -0.054442 -0.129746 0.004391 0.075855 -0.099301 0.053843
0.240159 0.077498 0.302797 -0.043048 -0.048768 0.293109 0.344794 -0.159218 0.077585 -0.251883
0.152124 -0.149088 0.330067 0.124425 -0.197776 0.038444 0.021898 -0.073342 -0.142581 -0.101738
-0.323884 -0.064739 -0.065223 -0.220178 -0.190391 0.066830 -0.397471 0.076501 -0.010861 -0.305921
0.018613 0.311142 0.206774 0.086672 -0.013399 -0.389488 0.159076 -0.165561 0.098414 0.321294
-0.245599 -0.196312 0.021342 -0.221965 0.039835 0.303953 0.061773 0.192936 0.107126 0.076577
0.181913 0.050431 0.226059 -0.009354 -0.009014 -0.018098 -0.251752 -0.008783 -0.170752 -0.396054
-0.351303 0.293429 -0.026323 -0.243597 -0.124085 -0.065338 0.029961 0.061642 0.442327 -0.075997
0.070154 -0.249660 -0.104742 -0.215978 -0.219121 0.274703 -0.080950 -0.024081 -0.043018 0.055572
0.064516 -0.167408 -0.228123 -0.131428 -0.212096 -0.175652 -0.107059 0.161112 -0.032074 0.016099
-0.087716 -0.095312 0.000184 0.304108 -0.142698 0.318685 -0.038708 0.192647 0.117726 0.126418
0.164637 -0.263137 -0.338063 0.092278 -0.030283 0.090010 -0.071235 -0.382459 0.033279 0.036363
0.138995 0.063132 -0.134127 0.058662 0.114288 -0.124200 -0.327794 -0.107901 0.141861 0.270180
-0.110304 -0.172246 -0.059327 -0.141734 -0.392380 0.095418 -0.119216 -0.105056 -0.062782 0.111175
-0.245012 -0.133084 -0.167878 0.133511 -0.104838 -0.154395 -0.260393 -0.153586 -0.140815 -0.025014
0.156873 0.073722 0.109720 0.141471 0.303748 -0.070795 0.022837 0.150333 -0.064785 0.124622
-0.299055 -0.017695 0.088723 0.098048 0.057882 0.004803 0.135891 -0.090267 -0.132241 -0.208534
-0.011447 0.087528 0.021722 0.115014 -0.269046 -0.271486 0.154309 -0.007534 0.104382 -0.024269
0.032718 -0.054470 0.189739 -0.206367 0.150233 0.193047 0.163268 0.172970 -0.084736 0.378637
0.167058 0.001342 -0.123527 -0.096116 0.049312 0.252812 -0.334115 0.165858 0.116538 -0.003102
-0.226760 -0.121211 0.222353 -0.261315 0.046587 0.021185 0.260521 -0.003605 0.122634 -0.067321
0.149263 0.266451 -0.077473 -0.181086 -0.265773 -0.178521 -0.274702 -0.084747 0.328041 0.213547
-0.209489 -0.068975 -0.059810 -0.059600 -0.073145 0.059911 0.088735 -0.161215 0.189647 0.112703
0.236501 -0.163731 -0.037797 0.049788 -0.138926 0.073815 -0.042731 -0.049958 0.132006 -0.051554
-0.121428 -0.086590 -0.141365 0.128281 0.012304 0.191351 -0.082698 0.119421 0.192127 -0.128413
0.085790 0.011956 -0.004334 0.035361 0.068741 -0.471207 0.052598 -0.315531 0.048589 0.009466
0.033831 -0.285080 -0.063683 0.077528 -0.233924 -0.094021 0.181452 -0.045837 -0.167661 0.062111
0.175418 -0.087563 -0.339023 -0.156634 -0.096046 -0.411431 0.122680 -0.214299 -0.095775 0.049647
0.176132 0.112825 0.162356 0.195100 -0.059957 -0.063974 0.258375 0.268853 0.022482 -0.014883
0.178699 -0.190905 0.126026 0.022147 0.066908 0.096084 0.137316 -0.077255 -0.164975 -0.008095
0.056100 0.267215 0.089370 0.012903 -0.049196 0.150669 -0.103877 -0.076667 0.097135 0.385243
0.045134 0.029334 -0.009954 -0.091289 0.180373 0.101817 -0.190698 -0.050051 0.100175 -0.005207
-0.149656 0.176716 -0.179057 -0.292637 -0.073024 -0.007503 -0.015436 -0.287459 -0.102049 0.086340
0.132736 0.016695 -0.165080 -0.158796 -0.169734 0.148126 -0.110432 0.092142 0.153516 0.166886
0.171591 0.189280 0.048698 -0.048712 0.074097 -0.124258 -0.093151 0.151191 0.111042 0.462977
0.255203 0.358749 0.041793 -0.040298 -0.304526 -0.013982 0.172080 0.192949 -0.032226 0.087238
0.166413 0.033680 -0.342030 -0.086074 -0.006533 0.260832 -0.186192 -0.253900 0.039589 0.122127
-0.195967 0.013336 -0.094610 0.206041 0.078081 0.052728 0.087890 -0.079049 -0.029211 0.084377
-0.082958 -0.085266 0.154860 -0.187841 0.144502 0.084944 -0.060425 -0.128370 0.099491 0.007574
0.228713 -0.094216 0.225811 -0.234468 0.197395 -0.427853 0.218640 -0.035572 0.079460 0.022914
-0.140157 0.007134 0.149777 0.004621 -0.315138 -0.153685 0.282544 -0.063183 0.144572 -0.152171
-0.168466 0.008485 -0.355675 0.039805 -0.222958 0.010500 -0.064817 -0.014425 -0.490823 0.161967
0.008082 -0.086543 -0.176519 -0.125227 0.009821 0.011009 0.281127 -0.355147 0.087704 -0.074977
-0.142311 -0.026000 0.106787 0.049497 0.029742 -0.087947 0.048190 -0.088242 0.023268 -0.086965
0.136339 -0.090800 -0.250462 -0.156039 -0.152980 0.211682 -0.049327 0.198784 -0.169371 0.346247
-0.022529 0.180081 0.125639 0.080444 0.014865 -0.130869 0.132784 0.151897 -0.170816 0.308630
0.121182 -0.119860 -0.232307 0.267862 0.030058 0.147435 0.047657 -0.071023 0.173452 0.211151
-0.091882 0.021094 0.130197 0.201112 -0.055784 0.092455 -0.214715 -0.305813 -0.178548 0.061934
0.007253 -0.047768 0.122168 -0.045598 -0.000466 -0.010158 -0.128373 -0.239136 0.146381 0.110263
-0.108702 0.078019 0.042596 0.028654 -0.360125 0.392215 -0.190033 -0.051825 0.016369 0.355047
0.272332 0.071126 0.036464 -0.042973 0.051737 0.045745 -0.263604 -0.139379 0.127552 0.055109
-0.008284 0.048090 0.061763 0.222690 0.226712 -0.435220 0.094973 -0.366549 0.014269 -0.087658
-0.039811 -0.033138 -0.051107 0.150755 0.053943 -0.187247 0.023896 -0.242982 0.147533 0.091255
