-0.237575 0.133814 0.266706 -0.143211 -0.122385 -0.055419 0.082592 -0.050587 -0.016660 -0.054160
0.492560 -0.051172 0.249992 -0.026049 0.008597 -0.079354 0.066728 0.257142 -0.042116 -0.051330
-0.029981 -0.019622 -0.042497 -0.334616 -0.020853 -0.024704 0.073553 0.067232 0.064737 -0.000161
0.318549 0.098088 -0.203584 -0.276199 -0.000361 0.136186 -0.169782 0.110468 -0.432716 0.011991
0.085765 0.335690 -0.172573 0.043188 0.258186 0.136146 0.184740 -0.367424 -0.086871 0.060539
0.023501 -0.143016 -0.044723 -0.142342 -0.042983 -0.267666 0.410281 -0.150395 -0.228744 -0.076490
0.213717 -0.109757 -0.302585 -0.110378 0.205247 0.096038 -0.033773 0.114748 -0.100704 0.128197
-0.173364 0.087158 0.004800 -0.260239 0.160788 0.042274 0.048131 -0.180532 0.204522 -0.015497
0.347544 -0.196446 -0.179352 -0.243089 0.093790 0.251279 -0.274417 0.008833 0.145238 -0.093046
-0.165097 -0.114085 -0.091889 0.060736 -0.493122 -0.055693 -0.076750 -0.020183 0.226167 0.355067
-0.286213 0.116122 -0.099049 0.209839 -0.265742 -0.039541 0.122107 -0.101420 -0.149117 -0.079034
0.004601 -0.152626 -0.180121 0.046051 0.036387 -0.192240 0.176346 -0.057845 0.381120 0.057840
0.175709 0.197671 -0.130808 -0.159989 -0.160541 0.159489 -0.148477 -0.053442 -0.147768 0.200331
0.296990 0.104080 -0.030684 0.018302 0.042402 0.002402 -0.293617 0.206027 0.176677 -0.181188
-0.045643 -0.032283 0.204723 0.444055 -0.414643 0.028560 0.122389 -0.267967 -0.006736 0.123252
-0.083366 0.276085 -0.004794 0.140253 -0.129219 0.047698 -0.054921 0.103853 -0.341130 -0.090914
0.418968 -0.083407 -0.238102 0.399198 0.241062 -0.140430 -0.158123 0.022593 -0.025485 -0.120355
0.082525 -0.148608 -0.029976 0.158743 0.025466 -0.150846 -0.019190 0.022312 -0.014906 0.090541
-0.001718 0.110363 0.053992 0.193410 0.044691 0.109829 -0.325018 -0.254691 -0.151921 -0.357094
0.297671 0.063197 -0.248278 -0.100638 0.394458 0.132070 0.011823 0.086904 0.091196 0.224305
-0.182531 0.087517 0.112638 0.326081 0.186209 -0.185062 0.098016 -0.023180 0.020480 0.301101
-0.040702 0.222384 0.170834 -0.079260 0.160308 -0.026425 -0.127720 0.041531 0.220336 -0.007544
0.094657 0.162902 -0.091229 0.144706 0.153175 -0.042014 -0.085363 0.248723 -0.132178 -0.102300
0.096727 0.025347 -0.130225 0.042316 -0.089686 -0.054075 0.035874 -0.218425 0.060877 -0.390676
0.181289 0.032710 0.002215 -0.015871 -0.154369 -0.061917 -0.159511 -0.217972 0.003974 -0.018725
-0.047365 0.274501 0.146292 0.123258 -0.203822 -0.028616 0.061445 -0.047223 -0.170101 0.176712
-0.117069 -0.258353 -0.076397 -0.157117 0.391329 -0.166323 0.227663 0.165749 -0.108852 -0.328192
0.008613 -0.119760 -0.216920 -0.294030 0.071979 -0.244609 0.011714 -0.011831 -0.232945 -0.238185
-0.184528 0.025213 0.252533 0.004332 0.078747 0.022499 0.076329 0.084638 -0.167654 -0.151476
-0.074125 0.059269 0.014541 0.046614 -0.073162 -0.112681 0.054025 -0.006120 0.043451 0.117195
-0.069977 -0.205742 -0.368202 -0.123599 -0.381330 0.007348 0.073125 0.264010 0.139816 0.066113
-0.093780 -0.061189 0.173695 -0.060190 0.062410 -0.042530 0.204684 -0.105784 0.067646 -0.231486
-0.116482 -0.212102 0.416569 0.210421 -0.174186 -0.083767 -0.071769 -0.018082 0.095581 0.103479
0.436099 -0.313095 0.019734 0.094196 -0.066690 0.179988 -0.307389 -0.073246 0.088802 0.172800
-0.236583 -0.074642 0.042669 0.175137 -0.273865 -0.061497 0.184144 0.094384 -0.089749 0.211928
-0.062502 -0.011326 -0.110391 0.060509 -0.140609 0.099119 0.071660 0.039225 -0.086777 0.288392
0.137878 -0.348173 0.183468 -0.135501 -0.040099 -0.185959 -0.067048 -0.172493 0.070549 -0.139203
-0.132773 0.074585 0.110694 0.256419 0.136824 -0.109684 -0.034704 0.113673 0.059673 -0.073806
0.424619 -0.113033 0.248958 0.119453 0.006145 0.320140 -0.151187 -0.187412 -0.106823 0.068693
-0.097531 0.102061 0.293402 -0.195159 -0.384584 -0.391728 -0.123479 0.145639 -0.223493 -0.009897
-0.008850 -0.091761 0.072075 -0.261072 0.292192 0.101796 -0.235671 -0.118630 0.196466 0.007295
-0.117647 -0.171482 -0.019423 -0.033854 0.083477 -0.204528 -0.101822 0.155740 0.197630 0.068873
0.327340 0.112782 -0.095616 0.254115 -0.112552 -0.080609 0.251257 0.282644 0.161049 -0.191676
-0.096319 -0.082701 -0.169400 0.147255 -0.100628 0.027996 0.057374 0.173959 0.088751 0.090953
-0.071215 -0.130690 -0.403997 0.046810 0.044016 0.119609 0.010294 -0.260500 -0.259080 -0.168693
-0.111593 0.132276 0.035024 -0.013324 -0.344664 -0.064598 -0.038857 -0.203006 0.109325 -0.035225
-0.006980 -0.063157 0.030068 0.221079 0.351441 0.033679 0.105931 0.236434 -0.061215 -0.414492
0.189878 -0.028760 0.279028 -0.169502 0.016218 0.266290 -0.218675 0.147325 0.121947 -0.141475
-0.088987 -0.064243 -0.159087 0.003966 0.155219 0.043158 0.123927 0.061487 0.195201 -0.001260
0.054865 -0.064010 0.105143 0.038565 0.036318 0.181157 0.191261 0.064661 -0.120111 0.438791
0.075852 -0.047029 0.004101 0.072214 0.100199 -0.069033 -0.193220 -0.121666 0.162006 0.234104
-0.137187 -0.101088 0.046772 0.376374 -0.147325 0.037925 -0.427855 -0.000990 0.346197 -0.039021
0.233155 0.050682 0.026038 0.122081 -0.108165 -0.172649 -0.304968 -0.061068 -0.031134 -0.254327
0.102507 0.089223 -0.121628 -0.295899 -0.000380 0.076278 0.178872 0.264094 -0.141661 -0.000141
0.251500 0.027453 0.164680 -0.031613 -0.136000 -0.148915 0.179118 -0.065443 -0.252406 0.256727
0.028964 -0.064674 0.272433 0.078651 0.023236 0.048206 -0.020342 -0.446500 0.193739 0.103476
0.519149 -0.035023 0.083815 0.027242 -0.108315 -0.236545 -0.049145 -0.042851 -0.044389 -0.081387
-0.035762 -0.355060 -0.122982 0.037326 -0.229955 -0.034154 0.017335 -0.138160 -0.006725 0.263275
-0.145267 -0.019159 0.319490 0.011577 0.010114 0.064852 0.028908 0.001933 -0.089439 0.004614
-0.172141 0.005980 -0.172855 0.086612 -0.179471 0.043212 0.036381 -0.035648 -0.179781 -0.297108
-0.145439 -0.394459 -0.085337 -0.124513 0.094036 0.002646 0.004072 -0.043275 -0.149996 -0.282225
-0.138169 0.081470 0.137037 -0.295080 0.050637 -0.171660 -0.387274 0.122928 -0.072423 0.362580
0.122186 -0.355580 0.247650 0.107751 0.108158 -0.461290 -0.008204 -0.222177 0.118454 0.143050
-0.198309 -0.037915 -0.331015 0.035124 0.351854 -0.000694 0.306326 -0.113359 -0.082857 0.251188
0.219667 0.119106 -0.146551 -0.266795 -0.097839 -0.010640 0.057969 0.137115 0.480463 -0.351829
-0.206930 -0.289990 -0.068000 0.441815 -0.056909 0.007191 -0.011912 -0.122007 0.182004 0.095546
-0.151790 0.107396 0.069107 -0.019867 0.093649 0.031709 0.296797 0.141372 0.362736 -0.209509
0.151337 -0.129326 -0.187979 -0.157457 -0.074523 -0.069036 -0.021409 0.209048 -0.164769 0.015909
-0.105370 -0.235898 0.024466 -0.086294 0.362947 0.252279 0.054214 -0.258355 -0.073327 -0.175605
0.062249 0.098453 0.061747 0.063391 0.172854 0.475369 0.014560 -0.025839 0.172234 0.161149
-0.110937 0.512477 0.015888 0.258076 0.006300 0.103596 -0.061058 -0.206668 -0.032729 0.148845
0.148472 -0.077099 -0.281539 -0.102941 -0.040483 -0.025675 -0.042342 0.036006 -0.133968 -0.275618
-0.023814 -0.533595 0.001320 0.106462 -0.083603 -0.284119 -0.218706 0.026094 0.088568 -0.124845
0.139510 -0.142022 -0.285125 0.255660 -0.065169 -0.095673 -0.186234 0.191624 0.057681 0.348916
-0.229102 0.124323 -0.046578 -0.072395 -0.216578 -0.091495 0.224122 0.015147 0.213261 -0.037677
-0.111005 0.062498 0.112724 -0.056915 0.015014 -0.256991 -0.014488 0.115521 -0.213580 -0.075800
-0.304226 0.216426 -0.005320 -0.030673 0.008139 0.147099 -0.176359 -0.116466 0.093406 0.130149
-0.050375 -0.426062 -0.027923 0.256617 0.064368 0.148623 -0.269793 -0.019915 -0.193248 0.099845
0.153932 0.001834 -0.311773 0.185460 0.189108 -0.062015 -0.390703 -0.150291 -0.172250 0.088275
0.124155 -0.178162 0.036253 0.299904 -0.245661 0.039792 0.232500 0.089811 0.076900 -0.161871
