-0.231075 0.219882 0.284084 -0.031152 -0.153080 0.456431 -0.178988 0.087490 0.102813 0.121628
0.206781 -0.167886 0.050863 -0.045138 -0.286455 -0.080312 -0.152729 0.000130 0.067782 0.271949
0.256550 0.006875 -0.052562 0.206349 -0.146625 0.091437 0.009291 0.146171 -0.118983 -0.105797
-0.065043 -0.093075 0.050635 0.108110 -0.161017 -0.039431 -0.263489 0.097454 -0.212926 0.096347
-0.085086 0.221633 0.227074 -0.002256 -0.027777 0.079647 0.155995 0.104472 -0.215022 -0.198966
-0.213935 -0.061984 0.145952 -0.171983 0.544428 0.042117 -0.148237 0.056115 -0.049834 0.068138
0.053479 -0.008535 0.065974 0.026533 0.214656 0.228899 -0.146236 -0.125420 -0.246255 -0.052603
-0.156196 0.013349 0.179417 0.013257 -0.292626 0.311045 -0.002079 0.062609 -0.037946 -0.016639
0.171213 0.210979 0.027212 -0.042759 -0.095723 -0.041157 -0.298264 0.073699 -0.118358 0.079265
-0.035427 -0.087904 -0.360833 -0.154487 0.160340 -0.121002 0.033878 -0.213838 -0.316753 0.244645
0.007128 0.010955 0.078947 0.314002 0.090670 -0.155968 0.113474 0.047517 0.075243 -0.103023
0.322950 -0.042636 0.125709 0.024642 0.020673 -0.059379 -0.001769 -0.217043 0.078957 -0.242124
-0.198330 -0.082385 -0.001019 0.072303 -0.055751 0.058480 0.110735 -0.005003 -0.096552 0.186923
-0.127003 0.067853 0.064884 0.229168 -0.054434 -0.064091 -0.245902 0.202402 0.220674 0.004554
-0.003827 0.063744 -0.085878 0.132851 -0.116792 -0.268958 0.230827 -0.084867 0.148199 -0.196192
0.160295 -0.241135 0.019426 0.107433 -0.006046 -0.212995 -0.098776 -0.079742 0.047093 -0.119127
0.046901 0.107368 -0.110203 0.151823 -0.233583 0.112777 -0.155777 -0.023752 -0.120383 0.071639
0.075967 0.086405 -0.092554 0.328517 -0.175111 -0.070263 0.169052 -0.038642 0.127107 -0.046957
0.137585 0.161736 0.116533 -0.056855 0.042238 -0.042783 -0.113960 -0.016066 -0.191768 -0.226860
-0.146126 0.076577 0.081767 -0.100180 -0.273789 0.086541 0.085259 -0.186491 -0.035555 -0.042071
0.160418 0.283738 -0.099029 -0.096815 -0.101888 -0.106028 0.053628 -0.124500 -0.023721 0.137382
-0.033356 -0.024263 -0.168982 0.130557 0.206244 0.014969 0.085173 0.187538 0.037595 -0.123671
0.007895 0.229346 -0.222717 0.130521 0.038380 -0.307860 0.037286 0.099849 -0.152909 -0.087609
0.091482 -0.108460 0.134362 0.032704 -0.226405 -0.138763 0.078350 -0.223183 -0.017296 -0.019058
-0.177421 -0.068281 0.057665 -0.203415 -0.037452 -0.021478 0.284821 0.083839 0.207787 -0.157727
0.199418 0.213838 0.021146 -0.074755 -0.164918 -0.109587 0.217890 0.160830 -0.065162 0.273907
-0.168983 -0.037371 0.011256 -0.171554 -0.182544 -0.144040 0.162324 -0.290843 -0.030559 0.063814
0.416647 -0.062594 0.111201 0.092432 0.017433 -0.070361 0.093729 -0.148232 -0.280096 0.111459
0.036486 0.070213 -0.223652 0.048171 0.005497 -0.460638 0.206184 0.150022 0.009593 0.144562
-0.234356 0.235589 0.148272 -0.179139 0.273390 0.158605 -0.424723 -0.270492 0.032345 -0.404356
0.233302 -0.129723 0.265274 0.106859 0.098953 -0.067974 -0.110812 0.058588 -0.141685 -0.068832
0.210781 -0.170174 0.148015 0.056273 -0.039781 -0.044052 0.074430 -0.005460 -0.081299 -0.122088
-0.087715 -0.007157 -0.092646 -0.139479 -0.168001 0.031212 0.023466 -0.236676 -0.031114 -0.593739
0.044198 -0.012996 -0.386625 0.323660 -0.253658 0.329323 -0.094587 0.015710 -0.164584 0.129042
0.024273 -0.208425 -0.138653 -0.005370 0.090025 -0.394273 -0.222654 0.053545 -0.175200 0.253993
0.061806 0.134616 -0.241471 0.016259 0.039925 -0.170602 0.086387 0.201622 0.233159 0.136745
0.115996 -0.285829 -0.060618 -0.076160 0.130841 -0.026517 0.081569 0.100082 -0.100008 -0.150315
0.106672 0.073615 -0.248951 -0.146227 0.215287 0.175881 0.112110 -0.145483 0.042878 0.079596
0.005588 -0.200392 0.143911 0.165772 -0.025570 -0.256343 -0.117343 0.096982 -0.077904 -0.374932
-0.213408 0.237523 -0.023070 0.118987 0.123428 0.007482 0.085318 -0.001092 -0.052959 0.035322
-0.055429 -0.159697 -0.084478 0.157765 0.115350 -0.135793 0.124695 -0.076306 -0.221177 0.065758
0.031161 0.108060 -0.001851 0.205604 0.203117 0.067591 0.308536 -0.076373 -0.104623 -0.065532
-0.106294 0.008246 0.075634 -0.143645 0.026700 0.041839 -0.071188 0.059953 0.019724 0.029513
-0.042385 -0.148478 0.277996 0.309048 0.287724 -0.189935 0.130643 0.022422 -0.114196 -0.080831
0.130942 -0.017586 -0.011716 -0.287167 0.234211 -0.056706 -0.130185 0.153790 -0.363056 0.094073
-0.160773 0.433864 -0.288898 0.346994 -0.076912 -0.098909 0.088840 0.238383 -0.029516 -0.013433
-0.011711 0.025513 -0.064567 -0.210230 -0.152791 0.142236 0.112835 -0.185567 0.106625 -0.250546
0.153883 0.155490 0.048761 -0.157651 0.036142 0.356238 0.160078 -0.098394 0.086325 -0.124581
-0.310096 -0.026785 0.072688 0.159293 0.154301 0.173856 -0.066240 0.175135 0.033446 0.019390
-0.103183 -0.040288 0.007837 -0.065337 -0.230841 -0.006392 -0.288981 -0.034550 -0.194119 0.176679
-0.101744 0.089524 0.238477 -0.077148 -0.413554 -0.126028 0.063819 0.203204 -0.143237 -0.332681
-0.185705 -0.196799 -0.146932 0.079604 -0.100708 0.002867 0.086512 0.126600 -0.040178 0.163795
-0.110385 0.109773 -0.204437 -0.080845 -0.112295 -0.033781 0.088377 0.017342 0.085053 0.108446
-0.179986 -0.169271 0.208613 -0.223547 -0.008025 -0.051454 0.118388 0.172506 -0.224054 0.106587
0.075529 -0.071658 0.152234 0.145086 0.042169 0.138023 -0.017443 0.093655 -0.048040 -0.024681
-0.020135 -0.248517 0.010634 0.297313 -0.182824 0.170540 0.176360 0.163035 0.193071 0.171693
-0.373660 -0.161176 -0.126726 -0.025982 -0.016639 -0.026361 0.037535 -0.135025 0.047055 -0.608457
0.169753 0.108054 0.203533 0.253717 -0.124749 0.132840 -0.054141 -0.149477 -0.064861 -0.170487
0.009501 -0.042691 0.146980 -0.103637 0.064201 0.103824 0.009452 0.165610 -0.064007 -0.139781
-0.027776 -0.340542 0.008569 0.092724 0.032862 -0.147841 -0.040578 -0.028251 -0.051075 0.265927
-0.197667 0.211261 0.249269 -0.194466 -0.086648 -0.068239 -0.251450 -0.258848 0.017212 0.026510
-0.342597 0.325857 -0.147981 -0.021040 0.078356 0.170997 -0.031536 -0.192152 0.017878 0.090161
0.197894 -0.448027 0.097650 -0.047345 0.054303 -0.146060 0.141861 0.205454 0.075776 -0.149895
-0.158871 -0.207163 -0.104676 -0.112296 0.305332 -0.068437 0.184980 0.077946 0.201181 -0.107493
0.034230 -0.009715 0.084647 -0.042180 -0.157304 -0.137011 -0.126596 -0.090409 -0.171902 0.054798
0.137991 0.183991 -0.131522 -0.031069 0.140450 0.034890 0.028402 -0.378486 0.081623 0.150708
-0.039926 0.184495 0.499580 0.382993 -0.362360 0.079668 -0.035225 0.194943 0.242616 0.033177
-0.068955 -0.270367 -0.136651 0.002285 -0.006474 -0.088337 0.052337 0.172503 0.010670 -0.029853
-0.132938 0.010263 0.032727 -0.140015 -0.087817 -0.006067 -0.187319 0.076372 0.170392 -0.296004
0.118729 0.009251 0.027449 -0.042771 -0.159172 0.060583 -0.061002 -0.041825 0.184129 -0.169867
-0.098435 0.000958 0.293378 -0.090353 -0.220627 -0.043742 -0.276491 0.266917 -0.313069 -0.162747
0.266401 -0.153070 -0.071469 0.107751 -0.145071 0.264920 0.144550 -0.124389 -0.148696 -0.147859
-0.001469 0.170330 -0.114172 -0.222460 0.297697 0.034516 0.025225 0.049378 -0.164577 -0.063431
0.022819 -0.218085 -0.291741 -0.021694 0.335099 0.149326 -0.030614 0.028729 0.195373 -0.165383
-0.181460 0.025627 0.314026 0.053211 -0.217677 0.099678 -0.038230 0.029473 -0.001606 0.282784
0.087007 0.064298 0.307640 -0.088158 0.207109 0.345021 0.035512 -0.080021 0.038608 -0.097045
0.167548 0.062752 -0.002637 0.223693 -0.071570 0.042407 -0.024037 0.028910 -0.032646 0.216866
0.081075 0.179577 -0.132246 -0.031855 -0.092736 0.330111 0.019376 0.080073 0.097577 -0.110423
-0.028080 -0.059607 -0.041045 -0.100015 -0.184774 0.247092 -0.124964 0.117337 -0.101876 0.106000
0.107133 0.079309 -0.169803 -0.196478 0.030323 -0.062182 -0.153003 -0.282840 -0.312735 -0.101913
