-0.381814 0.157056 0.032537 -0.019074 -0.064135 0.151327 -0.050509 -0.042463 0.095179 0.196494
-0.064150 -0.208560 -0.084705 0.083482 0.111242 0.327697 0.008009 -0.395742 0.045337 0.061737
-0.050836 0.153985 -0.050480 0.079233 -0.147753 -0.068553 -0.150652 -0.347495 0.033701 -0.007263
-0.228902 0.177557 -0.181897 -0.271622 0.090094 0.093831 0.162965 0.166830 -0.203738 -0.266627
-0.000625 -0.055990 -0.147146 -0.280309 0.318340 -0.110446 -0.013416 -0.350297 0.003228 0.053408
-0.022362 -0.064154 -0.132070 -0.070570 -0.085701 -0.116236 -0.038757 0.161524 0.215950 -0.241933
-0.008091 -0.409749 -0.117302 -0.169930 -0.222875 0.109501 -0.298073 0.016457 0.011523 -0.049047
0.082712 -0.097832 -0.057796 -0.086867 -0.384519 0.165788 0.080416 -0.039187 0.151999 0.028500
0.254367 -0.216837 -0.045342 0.208756 -0.126002 -0.171269 -0.130948 0.013429 0.283485 0.379999
-0.035756 0.024273 -0.026331 0.098205 -0.108952 -0.009341 -0.211192 0.513320 -0.230082 0.240920
0.220665 -0.359237 0.285123 0.103914 0.136610 0.031413 -0.185430 -0.320062 0.095585 0.055635
-0.122988 0.023055 0.223372 0.078471 -0.122707 0.243592 -0.134611 0.109134 0.064673 0.003775
