0.008249
-0.001279
0.009929
-0.001317
0.015375
-0.029375
0.006225
0.018729
0.010226
-0.003586
0.013395
-0.001545
-0.001269
0.023472
0.032930
0.002068
-0.001292
-0.029473
0.017942
0.018465
-0.027911
-0.006760
-0.015804
0.022927
-0.002228
0.013106
0.017956
-0.032156
-0.019953
-0.029448
-0.010125
-0.034263
0.029489
-0.023307
-0.029839
-0.025147
-0.005064
0.036081
0.025367
-0.031618
0.021359
-0.008923
0.017981
-0.017520
-0.018214
-0.019779
-0.000040
-0.032521
0.034984
-0.021382
0.011804
0.002868
-0.024103
-0.026739
0.001309
0.005010
-0.023624
-0.025403
-0.007913
0.014358
0.008377
-0.029387
-0.021533
0.013622
-0.033755
0.006690
-0.008932
-0.000360
-0.008188
0.006215
-0.029116
0.004666
0.002552
0.033666
-0.006794
-0.024212
0.019754
-0.008477
0.034083
0.023710
-0.028301
-0.027082
-0.003443
-0.032749
-0.001999
-0.007420
0.035939
0.004556
0.006607
-0.015145
0.010228
-0.002410
-0.003421
-0.034873
0.009094
-0.018977
0.032719
0.033445
0.009579
-0.012633
0.012016
0.009724
0.029869
-0.028428
0.023429
-0.012249
-0.009303
0.019696
-0.001915
0.032603
-0.028647
0.009534
0.020874
0.026205
0.005814
0.032265
-0.034689
0.034517
-0.020850
-0.015474
0.018245
-0.000734
0.015120
0.025500
0.014580
-0.034037
-0.033522
0.023779
-0.000958
-0.014721
0.030230
-0.028371
0.012604
0.033457
0.005766
0.000148
-0.031667
0.033922
0.008422
-0.017139
0.004712
-0.011951
0.009759
0.007287
-0.031761
-0.014669
-0.033866
-0.034942
-0.000386
-0.008486
0.021916
-0.012843
-0.000472
-0.020791
0.029684
0.018960
0.029899
-0.033516
0.009298
0.035227
-0.008960
-0.013428
0.007266
0.001901
0.018895
-0.017170
-0.011213
-0.034938
-0.034549
-0.003210
-0.009625
-0.006399
0.021377
-0.026878
-0.035569
0.011739
-0.018717
-0.002739
0.019894
-0.009541
-0.001183
-0.027679
-0.009126
0.004499
-0.000376
0.003427
0.005419
0.033587
-0.027553
-0.007513
-0.006169
-0.021386
-0.006841
0.034572
-0.029243
0.022779
-0.024337
-0.032367
0.020950
0.024953
-0.026702
0.011186
0.001629
0.014711
-0.031083
0.005602
0.023951
0.032480
0.011091
-0.002955
-0.023591
0.034374
0.021653
-0.026089
0.008907
-0.031673
-0.030701
0.028167
-0.028549
0.006268
-0.018597
0.029080
-0.006416
0.028536
-0.006948
0.007059
-0.034002
0.002600
-0.016671
-0.031748
0.022543
-0.010340
0.023781
-0.002369
0.027156
-0.034884
0.004926
0.019617
-0.029826
0.021277
-0.009865
0.023425
-0.034035
0.005399
0.033771
0.012203
-0.019589
-0.034923
0.012839
-0.007345
-0.031996
-0.003526
0.006307
-0.035895
0.008353
0.022614
0.023333
0.023034
-0.014879
-0.023724
-0.008706
0.017772
0.009374
0.025788
0.033913
0.027015
0.006260
0.000502
-0.035931
0.008497
0.033153
-0.004939
0.015136
0.028622
-0.022449
-0.017988
0.010917
0.035321
0.035526
-0.035180
0.000657
0.012386
0.031615
-0.007777
0.004146
0.004542
0.034649
-0.032522
-0.009566
-0.000392
0.008000
-0.010611
-0.032801
-0.002187
0.009172
0.021395
-0.000241
-0.026721
-0.009920
0.010487
0.008335
-0.018411
-0.017025
0.011416
-0.010380
0.001545
0.013233
-0.028196
0.015507
0.005187
0.019899
0.031709
0.022665
-0.011425
-0.008292
-0.012241
-0.027527
0.024101
-0.013468
-0.007674
0.013495
-0.013072
-0.006926
0.028900
-0.025356
0.012474
0.028885
-0.032508
-0.007696
0.028658
0.007476
0.011980
-0.018055
-0.035307
0.014646
0.010754
-0.001585
0.032231
0.022928
-0.001182
-0.006395
0.035217
0.012473
-0.025860
-0.007956
-0.027563
0.006968
0.035978
-0.034658
-0.031897
-0.019401
0.033422
-0.033464
-0.032157
-0.001238
0.018300
0.031530
0.011838
-0.015093
-0.018820
-0.026733
0.035707
0.028685
-0.020474
-0.016704
0.025103
0.010056
0.006231
0.026118
-0.006054
-0.034020
-0.019698
0.013803
-0.000664
0.014504
0.012020
0.025806
0.029003
-0.012843
-0.020392
-0.012255
0.000635
-0.024114
0.009853
0.035394
-0.009608
0.007817
0.024271
-0.031206
-0.019480
-0.012963
-0.025051
0.031400
0.018027
-0.009538
0.009670
0.007333
-0.017055
0.006437
0.000823
-0.017175
-0.029334
-0.028237
-0.033159
0.016819
-0.000260
-0.025461
-0.012886
0.007361
-0.026925
0.030863
-0.020155
-0.019976
-0.035084
0.007627
-0.024533
0.033047
-0.013794
-0.034272
0.035960
-0.015490
0.009395
0.033166
0.032163
0.035666
0.029517
0.034801
0.005862
0.008557
-0.008060
-0.022049
-0.033626
-0.013794
-0.018405
-0.011382
-0.003137
-0.015079
0.009156
0.026538
-0.011811
0.010057
-0.002799
0.033357
-0.002285
0.018938
-0.010408
0.016018
0.005187
-0.009918
0.033192
0.014734
0.000804
0.008309
-0.028204
0.008193
0.016838
-0.011856
0.033029
0.019620
-0.008520
0.030806
-0.001211
-0.027350
0.035296
0.025373
0.034302
0.007999
-0.026384
0.011429
-0.004628
-0.028686
-0.012190
-0.021991
0.018846
-0.021551
-0.031011
0.022134
-0.010414
-0.030480
-0.032006
0.007923
0.034504
0.022941
0.000720
0.015590
-0.020458
-0.029112
0.035917
0.016891
-0.020102
0.005288
0.009413
-0.027854
-0.016921
0.007326
0.032239
-0.035432
0.006680
-0.011180
0.034524
-0.019390
-0.036081
-0.003096
-0.001026
0.005373
0.020539
0.027323
-0.007199
-0.027504
-0.020364
-0.019229
-0.008567
0.031672
0.031301
-0.009733
-0.028110
0.014882
-0.013013
0.023036
0.020454
0.019263
0.034219
0.023291
-0.006403
0.020820
0.028737
0.033248
0.019932
-0.019347
0.035948
-0.008940
0.016607
-0.000529
0.025410
-0.010626
0.002831
-0.007158
0.007885
-0.032618
-0.015234
0.002620
-0.012024
-0.022415
-0.032107
-0.029178
0.017487
0.011037
0.034690
-0.003278
-0.003907
-0.002247
-0.013790
-0.008700
0.026171
-0.030889
0.006378
0.035192
0.029262
0.008340
0.002524
0.003035
-0.020107
0.022409
-0.009178
-0.007636
-0.032295
-0.031056
-0.011826
-0.012206
0.032703
0.012062
-0.009354
-0.014106
-0.000147
0.014929
-0.035996
-0.014863
0.015855
0.027781
0.029688
-0.035407
0.029901
-0.002376
0.034208
0.019708
-0.019305
0.027233
-0.005346
-0.029699
0.008893
-0.016710
-0.033154
-0.011802
0.025487
0.001480
-0.022091
0.029447
0.021606
0.026635
0.030751
-0.007746
-0.003397
-0.014266
0.031780
-0.029696
0.025215
-0.004218
-0.032256
0.007489
-0.010325
0.022838
0.005845
0.013700
-0.030346
0.018592
0.029522
-0.009794
-0.008848
0.022915
-0.033801
-0.015371
-0.033834
0.014072
0.008624
-0.011462
0.023611
0.035203
-0.029193
0.000002
0.012056
-0.019528
-0.033857
0.018361
-0.015000
-0.006416
-0.031138
-0.023418
0.008422
0.023571
0.004879
0.023660
-0.005817
0.004591
-0.034288
-0.035182
0.033816
-0.018936
0.022750
-0.013476
0.036059
-0.030469
-0.010489
0.024482
0.030051
-0.032612
0.031226
-0.017082
0.005928
0.004957
-0.025158
-0.005281
-0.019786
-0.009852
0.002515
-0.003057
-0.006688
0.005993
-0.029128
0.018551
0.031939
-0.019794
0.030769
0.016757
-0.027469
0.035100
0.005312
0.008810
0.005408
-0.008970
-0.016374
-0.003046
0.010750
0.015665
-0.010833
-0.022957
0.021863
0.005646
-0.013695
0.032299
0.020710
-0.025168
-0.022209
0.000192
-0.024171
0.013870
-0.003884
-0.031216
-0.003284
-0.006534
0.035120
-0.009008
0.001870
0.008585
-0.020264
0.033041
0.013360
-0.015931
0.010155
0.033349
-0.022085
-0.016584
-0.022228
0.011227
0.018020
-0.009353
-0.017559
0.013806
-0.033212
0.022135
0.028177
-0.010212
-0.004383
-0.013631
0.005088
0.021629
0.035741
0.031341
0.019890
0.023437
0.022479
-0.003482
0.028867
0.028940
-0.010334
0.018876
-0.021034
0.005002
-0.011482
-0.020858
-0.016765
-0.022085
0.011508
0.031623
-0.022763
-0.017530
0.019794
-0.011309
-0.008643
-0.004265
-0.009602
-0.017862
-0.022399
-0.025935
0.032757
-0.023546
-0.017936
-0.026356
-0.003971
0.014286
-0.000160
-0.022151
0.031295
-0.008538
0.011338
0.013982
0.016596
-0.013979
-0.012456
