-0.006208
0.028764
-0.030587
0.011613
-0.032978
0.031654
0.008668
0.002982
-0.035786
0.003078
-0.031041
0.004103
0.036068
0.005518
-0.006424
-0.013050
0.017192
0.003329
-0.001421
-0.030719
0.011926
-0.024704
0.022438
0.009540
0.032207
0.003693
-0.032506
-0.003712
0.018838
-0.011611
0.029106
0.022065
0.013713
-0.029385
-0.003258
0.025766
-0.026378
0.035923
0.034015
0.014525
0.028817
0.001794
0.028340
-0.005724
0.028691
0.026501
0.011048
-0.017540
0.009732
-0.025442
-0.024098
-0.028428
-0.023319
-0.035285
0.033577
0.025835
0.001252
0.032604
0.029677
-0.015683
0.032007
0.007198
0.008020
-0.031217
0.034233
0.004860
-0.009221
0.023577
0.001320
0.010052
-0.030624
0.002441
0.029461
0.001492
-0.010180
-0.013488
0.007478
-0.001583
-0.013636
0.019744
-0.000540
0.034003
-0.026542
-0.020544
0.014261
-0.001591
0.021535
-0.022547
-0.026489
-0.013671
0.003048
-0.019949
0.035878
-0.006430
-0.028765
0.023784
0.023159
0.016555
0.021521
-0.030694
0.027915
-0.001175
0.006009
0.026027
-0.033691
-0.031662
0.022025
-0.016216
0.020647
-0.007206
-0.009996
0.007936
-0.032780
-0.017055
-0.017362
0.000667
-0.005020
0.031199
0.033094
-0.027974
0.017091
-0.022128
-0.029806
-0.015178
-0.033976
0.002917
0.007369
0.005034
-0.005000
-0.017775
-0.035486
0.024742
-0.016394
-0.013509
-0.031503
0.020804
0.010650
0.013048
-0.002555
-0.026250
0.019990
-0.018898
0.030002
0.004784
-0.003365
-0.036028
-0.017910
0.029131
-0.005966
0.011865
0.002324
0.022705
0.026848
-0.006630
-0.010510
-0.001556
0.031284
-0.017751
-0.007064
-0.024210
0.024226
0.024666
0.008825
0.021177
-0.011515
0.016363
-0.020159
0.004276
0.009053
0.011366
0.023598
0.035733
0.025433
-0.024695
-0.013597
-0.009090
0.015985
0.005433
0.018210
-0.029775
-0.024737
0.035892
-0.003994
-0.026568
-0.029856
0.023205
-0.004765
0.034595
-0.003821
-0.004027
-0.024039
0.019163
0.023355
-0.029477
-0.026423
0.033471
0.031262
0.031398
-0.029018
-0.027139
-0.010253
-0.029894
0.020845
-0.009805
-0.015481
-0.016127
-0.000098
-0.002385
-0.004017
0.004292
0.027120
-0.015981
-0.015571
-0.033465
0.008782
0.015889
0.033067
-0.031535
0.001505
0.011249
0.007418
-0.031156
0.015922
0.031713
-0.005296
0.028450
0.018216
-0.018328
-0.004653
0.035862
-0.020843
-0.022283
-0.017745
0.031367
-0.034199
-0.019754
-0.026837
0.009232
0.007415
-0.021804
0.019985
-0.024270
-0.021535
0.028582
0.028639
0.001999
-0.011185
0.022975
-0.024527
-0.028580
0.013351
0.032153
0.017654
-0.023270
-0.016069
0.032177
0.024749
0.035605
0.022744
0.031062
0.031302
-0.024161
0.015900
-0.031571
0.007363
-0.009890
-0.004615
0.024687
0.032846
0.022200
0.021361
0.011336
-0.034183
0.000419
0.033676
0.011971
0.025021
-0.033058
0.006785
0.024191
0.027133
0.004009
-0.008934
-0.034580
-0.016578
-0.003437
0.003689
-0.023602
-0.005023
-0.017224
0.021556
-0.003252
-0.032308
-0.018488
0.012703
0.007478
-0.020211
-0.004081
-0.035672
-0.032193
-0.017338
-0.025942
0.030729
-0.026542
-0.034845
0.028604
-0.003818
0.018961
-0.029835
0.027844
-0.007441
0.025402
-0.030148
0.035331
-0.013020
-0.016402
0.005393
0.014069
0.006480
0.024146
0.004591
-0.018054
-0.034142
0.001590
-0.016998
0.019212
0.017921
-0.018068
0.017752
0.001910
0.018236
0.021931
0.012712
-0.019049
-0.019499
-0.010016
0.014379
0.005805
0.023644
-0.004276
0.019937
-0.028173
0.012198
-0.011321
0.005065
0.035395
-0.003559
0.034914
0.000050
-0.024070
0.009102
-0.034987
0.025711
0.029273
0.030119
0.028579
0.009893
0.035073
-0.023474
0.023159
0.016138
0.007465
-0.024798
-0.019252
-0.035924
0.012526
-0.014528
0.033365
0.005562
0.025961
-0.013045
0.011409
0.013733
0.012031
0.017025
0.001171
-0.005160
-0.002405
0.035511
0.008404
-0.021322
0.025759
-0.009737
-0.033198
0.006298
0.000803
-0.002433
-0.034754
0.019386
-0.014981
0.023018
0.004206
0.007315
-0.019323
-0.018709
-0.032670
-0.031795
-0.020644
-0.019541
0.034960
-0.007776
0.017323
-0.016386
0.013850
-0.005407
-0.026139
-0.012419
0.018145
0.034920
0.010098
0.022578
0.007828
-0.012381
-0.031083
0.034091
-0.029389
0.001177
-0.035746
0.035758
-0.011890
-0.024414
0.011095
-0.001739
0.020278
0.032752
0.026900
0.005582
-0.028730
-0.023939
-0.016916
-0.024884
-0.020857
-0.020534
-0.004203
0.006548
0.021384
-0.017793
-0.002280
-0.006569
0.023611
0.032284
-0.000380
-0.028644
0.025196
0.009437
-0.030258
0.022296
-0.008545
0.035594
-0.001188
0.000406
0.026099
-0.020529
0.013338
-0.020509
0.004414
-0.029788
-0.035259
-0.018428
-0.025907
-0.012575
0.015384
0.015571
-0.004002
-0.003809
-0.030991
0.004728
0.027473
0.033710
0.016273
0.029195
0.006425
0.032031
0.005146
-0.035847
-0.005149
-0.032832
-0.010199
-0.012841
0.030723
0.003746
-0.006354
-0.018305
0.027774
0.013650
-0.035513
-0.003415
0.027893
-0.035620
0.019406
0.006954
0.032579
-0.009466
-0.014605
0.018084
-0.018666
0.013077
-0.017175
0.006821
0.026517
0.009477
0.002661
0.026865
-0.010895
-0.024141
0.026172
0.014459
0.010330
-0.011268
0.008767
-0.013287
-0.016780
0.020874
0.013199
0.010442
0.020118
0.027567
-0.007539
-0.000842
-0.035299
0.004121
-0.033008
0.007448
0.013972
-0.031670
-0.003410
0.014064
-0.027865
0.003514
-0.032758
0.005966
0.024195
-0.033636
-0.032487
0.018563
0.015671
-0.029263
-0.006988
0.027603
0.027280
0.001754
0.022587
-0.029072
-0.004207
-0.001642
0.029959
0.019227
0.035346
-0.029187
-0.004511
0.007078
-0.019549
-0.016586
0.034411
-0.002142
-0.019837
-0.029830
0.031348
-0.022699
0.034072
0.004277
0.020153
-0.009994
-0.032835
0.023198
-0.020094
-0.007128
-0.024299
-0.032086
-0.024444
0.002850
0.032516
-0.008411
0.024827
0.030469
0.003615
-0.026061
0.027487
0.009550
-0.003764
0.013050
0.018025
-0.014222
-0.035761
-0.034485
-0.033396
-0.024621
-0.025805
-0.020897
-0.008536
-0.008944
0.012129
-0.022259
0.030278
-0.004077
0.027705
0.031140
-0.032585
0.008932
-0.016520
0.028626
0.034701
-0.022259
-0.012136
0.034291
0.023833
-0.015298
-0.029059
-0.022209
0.013048
0.033607
-0.034344
0.002482
-0.017508
0.023421
0.013253
-0.032874
-0.022033
0.025449
0.010420
0.014292
-0.013694
-0.035576
-0.002131
-0.029854
-0.022167
-0.030572
0.018286
0.018423
-0.033433
-0.003509
-0.004045
0.023866
-0.029025
-0.014395
0.005151
-0.014850
-0.004871
-0.015184
0.019175
-0.009266
-0.034361
0.018105
-0.027290
-0.007587
0.024336
0.027051
-0.031406
-0.001075
0.003582
0.013913
0.015728
0.006764
0.014708
-0.016670
0.012437
-0.012032
0.013755
0.035051
-0.030662
0.012373
0.015322
0.003377
0.015332
-0.025721
0.014388
-0.006881
0.010461
0.007880
-0.030351
0.029614
-0.026639
0.006282
-0.032667
0.023536
0.008053
-0.035338
0.031798
-0.017693
0.024559
-0.012245
-0.009639
0.016751
-0.006953
0.029760
-0.034528
-0.027049
0.022695
0.019914
-0.008934
-0.010727
0.010700
0.034431
-0.003654
-0.014693
-0.001448
0.016589
0.032673
-0.005716
0.010544
0.004901
0.034383
-0.021719
-0.028130
0.002764
-0.013397
0.011596
-0.033262
0.006754
0.033749
0.022124
-0.025617
0.001064
0.018874
0.011990
0.017154
-0.019760
-0.031335
0.010957
0.002052
-0.010484
-0.019553
0.032988
-0.013559
0.000447
0.030476
-0.026876
0.009816
-0.030972
-0.006648
0.008526
-0.034791
0.014923
0.006152
-0.030941
-0.012591
-0.013354
0.030150
0.010654
0.003701
0.011753
-0.002205
0.003856
-0.023922
-0.023818
0.029903
-0.015953
0.006424
-0.021509
-0.030616
0.022778
0.020371
-0.017392
-0.020122
0.020918
-0.024784
-0.013212
-0.007083
-0.012737
0.000451
-0.000511
-0.025239
-0.017567
0.009411
-0.007546
0.017092
-0.027758
-0.005331
