0.010630
0.013197
0.012186
0.013124
0.013889
0.011480
0.009136
0.013093
0.013818
0.002923
-0.015745
0.011441
-0.012666
-0.011126
0.000547
-0.000900
0.014783
-0.000032
-0.000489
-0.005547
-0.005654
0.004205
-0.007959
0.010317
0.003071
0.013017
-0.005101
0.007254
0.003505
-0.012595
0.007959
-0.011660
-0.006215
-0.010519
-0.001457
-0.003728
0.001131
-0.002146
0.003877
-0.016598
-0.000650
-0.000710
-0.008184
0.002759
-0.004092
0.016216
-0.005309
-0.003521
-0.002385
-0.006140
-0.017625
0.006218
0.003890
0.006832
-0.002827
0.010535
-0.011245
0.017808
0.010756
-0.010882
-0.008724
-0.002455
0.016271
0.010377
-0.003392
0.002180
0.013403
-0.017352
-0.016536
-0.014997
-0.008644
-0.005466
-0.014961
-0.012226
0.005373
0.016964
0.006380
0.004680
0.005618
-0.014575
0.002707
-0.009470
-0.009244
-0.018007
0.000775
0.007086
-0.016942
-0.006470
0.016415
0.005820
0.013416
-0.007641
0.000477
0.003220
-0.002346
-0.010431
0.014695
0.006670
-0.004756
-0.015482
0.012412
-0.003856
-0.005127
-0.011085
-0.015954
0.003044
0.005620
-0.005304
-0.012233
0.007110
0.012603
-0.003892
-0.015993
-0.007036
-0.010613
-0.005224
0.009178
0.016460
-0.013868
0.005311
0.008966
-0.009128
0.012773
-0.008772
-0.013259
0.000841
-0.017036
0.016276
-0.017432
0.004302
0.016386
-0.015853
-0.015606
-0.010085
-0.009155
-0.008307
-0.009204
-0.006776
0.002280
-0.002793
0.015943
0.005174
-0.016734
0.007108
0.014241
0.005007
0.017522
0.005764
-0.009016
-0.009185
-0.007809
0.009109
-0.000274
0.011907
-0.007335
-0.001192
-0.017377
0.017303
0.010123
-0.002477
-0.003337
0.007639
-0.007259
0.011050
0.007240
-0.013217
-0.004262
-0.006053
-0.007508
-0.014272
-0.000740
-0.015131
-0.017547
0.003371
-0.006323
-0.008066
0.013174
-0.009712
-0.009229
-0.006473
0.009036
0.009931
0.010910
0.008494
0.016511
-0.015427
-0.008978
0.006709
0.000253
-0.007405
0.001005
-0.011898
0.002547
0.000734
-0.006378
0.010152
-0.007415
0.009447
0.016934
0.005218
0.012250
0.015747
-0.008222
-0.011008
-0.002864
-0.013407
-0.016495
0.005915
0.013813
0.002464
0.000453
0.014451
-0.014567
0.002900
0.008814
-0.009904
-0.012518
0.015784
-0.006062
-0.016273
-0.017048
0.012992
-0.010296
0.008003
-0.016273
-0.001593
0.012288
-0.004638
-0.001340
0.001302
-0.017356
-0.000214
-0.012095
0.008297
-0.001767
0.004950
0.012428
-0.012760
0.000196
-0.010500
-0.009343
0.009689
0.001495
-0.006397
-0.010813
-0.015123
0.015641
-0.001496
0.003476
-0.005750
0.009040
-0.004013
0.016319
-0.016317
-0.000380
0.009793
0.008903
0.007419
0.007267
0.002137
0.002119
-0.005998
-0.012238
-0.013966
0.001092
-0.004057
-0.010881
0.011890
0.014307
0.009049
0.004368
0.008433
-0.004681
0.002915
-0.002562
-0.000208
0.009648
-0.012084
-0.002915
-0.002870
0.009006
-0.011029
-0.010251
0.017752
-0.014710
0.009039
0.008776
0.009791
0.017695
-0.002678
-0.003585
-0.013946
0.006129
-0.000807
0.006367
-0.016064
0.006667
-0.009439
-0.007062
-0.005573
-0.000320
0.011580
0.002877
0.016504
0.002385
-0.005263
0.000486
0.014062
-0.006297
-0.004870
0.017828
0.016855
-0.000748
0.011010
0.011115
-0.014202
0.008642
-0.016553
0.011268
-0.000468
0.015920
-0.001765
-0.004325
-0.012845
-0.000907
0.007374
-0.005801
-0.017165
0.001231
-0.013607
-0.007122
0.004695
0.005749
0.007980
0.010391
-0.008357
0.007581
-0.004926
-0.001387
0.002787
0.009115
0.001571
-0.013090
0.001405
0.004016
-0.010621
-0.007200
-0.014196
-0.006706
-0.014414
-0.003708
0.004611
0.010467
-0.005924
-0.014449
0.003662
0.003827
-0.002029
-0.012751
-0.005443
0.011670
-0.011677
-0.006974
0.009166
-0.011679
0.009663
0.003502
0.012743
0.015339
0.013688
0.006686
0.000692
-0.006415
0.002737
0.013697
0.014631
0.003050
-0.016096
-0.000503
0.016405
-0.011183
0.016838
-0.015012
0.012896
-0.012294
-0.005653
0.016060
-0.013727
-0.007905
-0.009411
-0.004764
0.013713
0.012188
0.003924
0.014621
0.015445
-0.002947
-0.004377
-0.010394
-0.003026
0.010865
0.004223
0.004630
0.002600
-0.012348
-0.015483
0.007125
0.011591
0.016882
0.008998
-0.001390
0.006669
-0.017489
0.010288
-0.003261
0.009184
-0.011511
-0.000604
0.000251
-0.009196
-0.013916
0.008827
0.003591
0.005652
-0.010178
0.005025
0.004506
-0.009971
-0.006058
0.017985
0.015710
-0.017889
-0.006108
-0.015470
-0.004396
0.008690
-0.006391
0.015345
0.009777
-0.005300
-0.008191
0.003877
-0.015475
0.006343
0.012901
0.004479
-0.008540
0.007274
-0.014303
0.007864
-0.011784
-0.004516
-0.011245
0.011709
-0.002443
-0.008300
0.010441
0.002749
0.002536
0.009476
-0.010688
-0.014476
-0.004535
0.000945
-0.005409
-0.003929
0.006421
-0.015419
-0.009369
0.003450
-0.017217
-0.017562
-0.012999
-0.004197
-0.016490
-0.016123
-0.003899
0.013981
-0.010142
-0.001801
0.014041
0.005997
0.006126
0.010999
0.010167
-0.016632
-0.013236
0.010682
0.006846
0.001094
0.001583
0.012290
0.007019
0.001618
-0.005270
0.000506
0.009282
0.016375
0.017844
-0.003151
-0.016654
0.011430
0.008399
-0.006773
0.001111
-0.015458
0.000673
0.013587
0.011169
0.000418
-0.001920
0.007505
0.004551
-0.015820
-0.011065
-0.015410
-0.007050
0.010070
0.004805
-0.007166
-0.001046
-0.015448
0.008673
0.013095
0.015687
0.017403
0.002467
-0.005086
0.008956
-0.003199
-0.012282
-0.002844
0.016841
0.002961
0.009342
-0.008263
-0.011990
0.008791
-0.007776
-0.011773
-0.007626
0.014823
-0.002279
0.006217
0.010965
0.011091
0.011648
-0.012547
0.005060
-0.006341
-0.014506
0.014565
-0.003808
0.015930
-0.004542
-0.015317
-0.009839
-0.017146
-0.003876
-0.005410
0.001838
-0.004007
-0.001121
-0.001442
0.015967
-0.000346
-0.000679
-0.007581
0.001445
-0.003219
0.001463
0.013080
-0.016313
0.010973
0.010520
-0.018035
0.011986
0.001578
0.016113
-0.015592
0.013252
0.009664
-0.013506
0.007962
0.006496
0.001101
-0.012771
0.006348
0.013022
-0.004181
0.012556
-0.004465
0.004096
0.010553
0.016900
0.001627
-0.009993
0.005912
-0.011694
-0.013783
0.001154
0.004471
-0.002502
0.017230
-0.003520
-0.000945
-0.008366
-0.002585
-0.005814
-0.001815
-0.007711
0.017678
-0.009624
-0.005996
-0.012555
0.006014
0.010517
-0.006410
-0.014558
0.000394
0.001546
0.007156
-0.000690
-0.014967
-0.003240
-0.016025
0.003207
-0.014572
-0.014617
-0.016081
0.014167
0.002051
-0.015417
-0.007746
0.010563
-0.017591
-0.005462
0.003274
-0.002407
-0.004387
-0.005928
-0.001412
-0.003727
-0.010211
0.002494
0.003721
0.011058
-0.010245
0.009604
-0.008631
0.014874
-0.010243
-0.014542
0.004352
-0.004901
0.015260
-0.016214
-0.003600
0.003633
-0.014365
-0.001636
-0.009349
0.008172
0.009713
0.011623
0.017052
0.008466
-0.005362
0.015914
0.008331
0.003188
-0.016116
-0.007523
-0.014952
-0.017139
-0.005297
-0.001509
-0.005721
-0.011988
-0.010235
0.012744
0.014765
0.001504
-0.000274
0.011391
-0.016342
-0.008210
-0.002978
0.003683
-0.009904
-0.009000
0.004170
-0.007947
-0.004827
-0.008225
-0.005073
-0.010035
-0.006385
-0.016179
0.014839
-0.004668
-0.000068
-0.002483
-0.005059
0.015878
0.002201
-0.013429
0.012774
0.012091
-0.008984
-0.010484
-0.006690
0.001669
-0.014735
0.010945
0.014811
-0.008500
-0.017434
0.016448
-0.013109
-0.002073
-0.001917
-0.000238
-0.010628
-0.010364
-0.011272
0.006735
0.002994
0.003948
0.002285
-0.003005
-0.014387
-0.004127
0.017182
-0.006125
-0.003223
0.012089
0.014871
-0.011099
-0.000434
-0.012789
-0.002990
0.009775
0.006029
-0.007887
-0.016147
-0.012079
0.013518
-0.000501
0.011583
-0.005360
-0.007681
-0.010651
-0.000769
0.002416
-0.001108
0.012749
0.005655
0.002842
-0.015117
-0.010343
0.008503
-0.000933
0.004747
0.011385
0.006819
0.016631
0.011641
0.013944
0.015020
-0.005858
0.007033
-0.005685
0.006997
-0.017822
0.012942
-0.009522
-0.010482
0.011298
0.014835
-0.000483
-0.009163
-0.015332
0.012047
-0.012111
-0.011726
0.006827
-0.007602
0.010469
0.015349
0.012383
-0.012359
-0.012335
-0.003283
-0.006817
0.015075
0.008257
-0.012708
0.002863
0.006561
0.017456
-0.005500
-0.009090
0.015225
-0.014321
0.007091
-0.009863
-0.011443
-0.003291
-0.018032
-0.014758
-0.001105
-0.002683
0.007799
0.003617
0.008979
0.006680
0.002928
-0.000500
-0.004461
-0.014356
-0.006906
-0.006894
0.000049
0.000877
-0.002898
0.013834
-0.003119
0.014737
0.016818
-0.009429
-0.003168
0.013493
0.009221
0.016239
-0.011546
0.003771
-0.003991
-0.015597
-0.011890
0.005485
0.010243
-0.013555
0.000624
-0.011364
0.010390
0.008593
-0.008594
0.000766
0.005300
-0.000517
0.000967
-0.017643
-0.003283
-0.012961
-0.005209
0.013038
0.015302
0.009962
-0.017444
-0.017657
-0.015957
-0.015529
0.000006
-0.014574
0.017573
-0.015325
0.007895
-0.009612
-0.003830
-0.012922
0.016035
-0.006751
0.008156
0.004937
-0.014971
-0.010214
-0.003342
0.014518
-0.004052
0.007856
-0.004390
0.016234
-0.001719
0.014544
0.005444
-0.006545
0.006625
-0.009595
0.009055
0.001901
-0.007430
0.010382
0.014381
0.007375
-0.013269
-0.011383
-0.017302
0.008672
0.006976
-0.015442
0.007487
-0.006861
-0.010659
-0.000550
0.014822
0.007519
-0.015672
0.002482
0.013013
0.006862
0.009165
0.017245
0.012507
0.017037
0.018005
0.004821
-0.016066
-0.000929
0.003672
0.003896
0.009461
-0.009967
0.013252
0.004675
0.003077
0.006599
0.003282
-0.013129
-0.008386
-0.015205
-0.005143
0.006169
0.001357
-0.005579
0.012883
-0.013864
-0.008947
-0.014632
0.009984
0.012306
0.006319
-0.012830
0.012346
0.006600
-0.015549
0.005668
-0.009691
-0.006556
-0.014464
0.003756
0.003296
-0.010598
-0.010284
0.004932
0.009356
0.013407
-0.003884
-0.005374
0.011919
0.010475
-0.003054
-0.006817
0.000257
-0.016221
-0.009956
0.005266
-0.016501
0.009393
0.017516
0.013944
0.014508
0.004356
-0.004181
-0.010832
-0.008598
-0.011828
0.001698
0.012966
0.005013
0.003100
0.006031
0.016840
-0.011437
-0.007560
-0.012520
-0.002864
-0.002753
-0.007667
-0.009872
-0.016638
0.008170
0.006590
0.013040
0.015698
-0.017428
0.003139
0.006695
0.005747
0.012577
0.007509
-0.008020
0.014586
0.010646
0.003403
-0.012207
0.017431
0.011390
-0.017782
0.001170
-0.004822
0.012932
0.007774
0.005559
-0.010886
-0.004369
-0.013275
0.008267
0.016800
0.009666
0.005241
0.007495
0.002689
0.014669
-0.010424
-0.017344
-0.001704
0.011451
0.007997
-0.003970
0.005747
-0.009783
-0.015505
-0.007077
0.016045
-0.005104
0.000594
-0.008186
-0.010126
-0.017423
0.005519
0.007780
-0.007880
0.016441
-0.001903
0.009718
0.016557
-0.008628
-0.015231
-0.013827
-0.000746
0.004244
0.008074
0.006376
0.001509
0.004860
-0.009359
-0.015556
-0.016392
-0.007374
0.009022
0.012330
0.017450
-0.005575
-0.004577
0.013771
-0.016233
0.001629
-0.016380
-0.008599
-0.014764
0.013639
0.003947
-0.009058
0.017641
0.014787
-0.017711
-0.010034
-0.009643
-0.010129
0.000925
-0.015530
-0.006483
0.007345
0.008294
0.009997
-0.016259
-0.002266
-0.002561
0.003349
0.010208
-0.013688
-0.017551
-0.012656
0.001361
0.001319
-0.007978
0.017089
-0.016945
0.012557
-0.001836
-0.017861
-0.016820
-0.000447
-0.004067
0.006106
0.017073
-0.001479
0.010500
-0.008137
-0.011986
0.017166
0.012822
0.003204
0.001639
-0.006912
0.009073
0.016399
-0.002131
0.013886
-0.004831
-0.006300
-0.004507
0.012401
0.014729
0.015014
-0.017170
-0.000929
-0.017476
0.007305
0.016037
-0.013632
-0.003650
0.017918
0.006308
0.006198
-0.014905
-0.014232
0.011508
-0.004340
-0.003571
-0.010094
-0.009286
0.009154
-0.001933
-0.001775
-0.008535
-0.000465
0.012023
-0.005717
-0.013558
0.003767
-0.011193
-0.008487
0.016105
-0.003298
0.009369
-0.010751
0.015689
-0.008603
0.011255
0.003369
-0.016774
-0.011076
0.009772
0.013219
-0.011477
0.007028
0.014975
-0.011843
-0.017062
-0.000581
-0.000445
0.005319
-0.000566
0.008256
-0.013761
-0.002377
-0.000847
-0.015624
-0.006963
0.011710
-0.001649
0.007422
0.010625
0.006709
0.010029
-0.005026
0.003880
-0.010537
0.004434
0.015640
0.016663
0.015574
-0.013185
-0.010619
0.008512
0.007266
0.008230
-0.015131
-0.012334
0.010814
0.013122
-0.017848
0.008748
0.000166
-0.010428
0.013434
0.005718
-0.002836
0.002397
0.005249
0.001836
-0.010588
-0.009559
-0.015870
-0.008646
-0.003930
-0.010727
-0.012572
-0.000984
0.008785
0.016875
0.001326
-0.013088
-0.006240
0.006515
0.008510
0.013814
-0.004556
0.007026
-0.002002
0.013668
0.012680
0.010030
-0.005839
-0.005567
0.012571
0.004021
0.015809
-0.001051
-0.017572
0.005732
0.015434
0.006419
0.007951
-0.006420
0.005730
-0.009171
-0.007853
-0.012395
0.008444
-0.017418
-0.005178
0.008772
0.000404
-0.004362
-0.006386
-0.001979
0.016068
-0.014153
0.006765
0.005110
0.004055
-0.003399
0.013178
-0.006026
-0.017113
0.003191
0.017527
-0.005525
0.015166
-0.013262
-0.000237
0.010859
0.004431
-0.012405
-0.005167
-0.012037
-0.011509
-0.011034
0.001132
0.001350
0.014605
0.014764
-0.015577
0.001050
-0.004443
-0.009736
0.017451
0.015632
-0.015821
0.012567
0.006871
-0.007957
-0.001746
-0.009943
-0.008405
-0.004265
-0.001962
0.017489
-0.007661
0.017635
0.008452
0.005887
0.005709
-0.014411
-0.004097
-0.004894
0.001308
0.004569
-0.007451
0.015385
-0.009703
-0.011696
0.010218
0.000485
-0.013408
-0.008784
0.002322
0.001194
-0.013285
0.013582
0.013069
-0.006848
-0.001824
0.015096
0.002143
0.006996
0.004255
0.006544
-0.000062
0.014382
0.015269
0.000900
0.009926
0.000550
0.001370
0.014797
0.000915
0.010421
-0.002595
0.005251
0.000917
0.005576
0.013718
-0.005911
0.005887
0.004960
-0.009271
0.016497
0.006690
0.003676
-0.017219
-0.012310
0.004550
-0.008144
0.000754
-0.008809
-0.002685
0.003725
0.002581
0.011499
0.000538
-0.016042
0.011355
-0.005943
-0.007062
0.001072
0.010539
0.012043
-0.004320
-0.006059
0.002393
0.005474
0.001847
0.000984
-0.000855
0.000815
0.003658
0.007382
0.002429
-0.014155
0.003944
0.007407
0.009697
-0.006636
0.013270
0.007260
0.016615
-0.000231
0.009095
0.000736
-0.011762
-0.007974
-0.007930
-0.008419
0.007473
-0.003919
-0.008141
-0.002637
-0.006647
0.001657
-0.016699
0.016651
0.013750
-0.014297
-0.000631
0.016527
-0.007003
0.010498
0.009922
-0.011467
0.013771
0.004944
-0.012072
-0.012167
0.005711
0.012025
-0.005047
-0.008678
0.008299
0.008532
-0.008006
-0.001308
0.006786
0.016728
-0.013305
0.013800
-0.017275
0.011428
0.005662
0.012694
-0.014118
0.006562
0.000089
0.008753
-0.000821
-0.015864
-0.000814
-0.010840
0.012219
0.012707
0.002506
-0.015429
0.017730
-0.007605
0.011729
-0.015800
-0.017740
-0.001599
-0.006701
0.010643
0.007760
0.000167
0.007614
0.000408
0.003347
0.009518
0.009954
0.010615
0.009364
-0.010521
0.017125
0.004085
0.013008
-0.001690
0.007547
-0.008570
0.017050
-0.004127
-0.013749
0.015725
0.013905
-0.013676
-0.011860
-0.008052
-0.003526
0.003197
0.001256
0.009917
-0.008095
-0.007988
-0.018006
-0.012272
-0.013652
-0.005504
-0.015599
-0.005616
0.006168
-0.008702
0.014380
-0.015216
0.011122
-0.017475
0.013922
0.016584
0.000955
-0.011250
-0.010848
-0.002951
-0.006131
0.003637
-0.002207
0.016354
-0.000712
-0.002081
-0.003986
0.003721
0.002184
-0.010764
0.000709
0.012662
-0.001460
-0.017399
-0.016779
0.006042
-0.013188
0.008299
0.004700
-0.013410
-0.010563
0.012695
0.002370
0.000267
-0.011243
-0.002912
-0.014221
0.006233
-0.008721
-0.014212
-0.002676
-0.012759
-0.002219
-0.007524
-0.005545
0.001794
-0.015607
0.008852
0.011168
0.013113
-0.015093
-0.009479
0.001702
0.002396
-0.000332
-0.002933
-0.017320
-0.015460
-0.005574
-0.017009
0.016397
0.014124
0.016011
0.010635
-0.007631
-0.003107
-0.001664
-0.004779
0.015827
0.016890
-0.015409
0.009574
-0.000638
-0.000872
0.005789
0.001673
0.008795
-0.001400
0.017062
-0.011342
0.000796
0.009413
-0.004468
-0.006831
0.001070
-0.013215
-0.012076
0.009664
0.005198
0.002397
0.010880
0.008588
-0.004512
-0.005625
-0.003556
0.015838
-0.011447
0.002308
-0.014782
0.007540
0.011272
0.007613
-0.005801
-0.007567
0.005064
0.016148
0.013789
-0.000096
-0.003817
0.013145
-0.000959
0.007966
0.008839
0.015063
-0.007535
-0.002358
-0.005797
-0.016879
0.010711
0.012371
-0.005714
-0.013117
-0.007828
0.003375
-0.016718
0.014027
-0.014148
0.003436
-0.013036
-0.004237
-0.005661
0.001059
-0.014421
-0.006772
0.001405
-0.012172
0.013910
-0.009759
0.016717
0.009245
0.006725
0.005684
-0.000735
-0.017049
-0.007269
0.016184
0.003556
0.004025
-0.014634
0.003289
0.003386
-0.013924
0.012834
-0.007288
-0.012224
-0.002692
-0.011368
-0.012271
0.017389
0.012197
0.003692
-0.006267
-0.017748
0.015398
0.007170
-0.012444
-0.015162
0.011667
0.012588
0.011139
0.002826
0.006667
0.013327
0.008638
-0.014213
-0.008232
0.017315
0.014261
0.006956
0.007993
0.007944
0.016384
0.017454
-0.014069
0.011047
0.007204
0.012100
-0.003274
-0.009609
-0.007433
-0.007223
-0.007696
0.005499
0.009842
0.012887
0.008715
0.017023
0.006719
0.005339
-0.013793
0.009380
-0.004422
0.011572
0.012228
0.002825
-0.013532
0.008681
-0.009962
0.009112
0.015228
-0.003689
-0.013447
-0.012509
-0.001347
-0.000080
0.004788
-0.016824
0.000484
-0.016182
0.010795
0.002358
0.012461
0.005994
0.015829
0.015817
0.004396
-0.012758
0.014916
-0.015210
-0.007015
-0.016832
-0.016969
-0.001288
-0.009276
-0.012617
0.016699
0.011079
-0.008893
0.004131
-0.008795
-0.016031
-0.004620
-0.007029
-0.005769
-0.015665
-0.014971
-0.011832
-0.005683
-0.011338
-0.011422
0.009380
-0.014032
-0.016567
-0.012362
0.015821
-0.009692
0.014106
-0.010700
-0.007619
0.009179
-0.016772
0.016824
0.001032
-0.017382
-0.017236
-0.015078
0.001078
0.006664
-0.002780
-0.013754
-0.005923
-0.013408
0.011608
0.009452
0.016405
0.004838
-0.008308
0.010089
-0.001755
-0.014302
-0.017787
-0.011291
0.017921
-0.010246
-0.003274
-0.008644
0.002580
0.017898
0.001511
-0.013985
0.012135
0.010805
0.011343
0.010196
-0.012124
-0.005546
0.009149
0.015101
0.003826
-0.012870
-0.009314
0.014195
-0.007154
0.014056
0.004923
0.013310
0.017213
-0.003338
0.014084
-0.016194
0.004223
0.010460
-0.003843
0.009257
-0.010766
-0.008341
0.001140
-0.007031
0.017468
0.012625
0.005439
0.006538
-0.000823
-0.012967
0.010321
0.015193
0.009717
0.011731
0.004723
0.015658
0.003586
0.006302
-0.008381
0.015818
0.010997
0.012568
-0.017554
-0.006794
0.015080
-0.011211
-0.002228
-0.001973
-0.012825
-0.010823
-0.014546
-0.011735
-0.011527
-0.017159
0.013852
0.012404
-0.011793
-0.017613
-0.008930
0.011501
-0.001114
0.015641
0.015575
0.005384
0.015742
0.008498
0.016568
-0.004492
-0.012757
0.014608
-0.013028
0.010735
-0.003175
-0.015798
-0.011728
0.011850
-0.000316
-0.003414
0.011164
0.013603
-0.005265
0.013540
0.015989
0.014745
0.011908
-0.005779
0.004309
-0.011345
0.008561
-0.013128
0.004640
-0.001692
-0.007050
0.007891
0.007243
-0.006684
0.013584
-0.004701
0.008837
-0.012635
0.012171
0.016900
-0.006120
-0.006859
0.009246
-0.015108
0.001637
0.003164
-0.013097
-0.002758
0.008473
-0.013400
0.009158
0.007793
-0.010888
-0.013958
0.017738
0.005441
0.013077
-0.006974
-0.013164
-0.016227
-0.000753
0.002824
0.002644
0.001269
-0.005580
-0.001259
-0.015310
-0.004233
-0.014322
-0.015453
-0.002901
0.011807
0.001727
0.016299
-0.008503
-0.004564
0.004438
0.001525
0.001446
0.010549
0.013805
0.013240
-0.008939
0.008760
0.005464
0.017605
0.010450
0.011698
0.004859
-0.008442
0.003717
-0.002804
0.001423
-0.016880
-0.004174
-0.001771
-0.010089
0.016801
0.014237
-0.014087
-0.011712
-0.012409
-0.002492
-0.016806
-0.015936
-0.013849
0.015508
0.011746
-0.010832
0.005375
0.006683
-0.007738
-0.014763
-0.012905
0.016182
-0.008977
0.017070
-0.002677
0.017459
-0.008011
0.003962
0.000583
0.007923
-0.016739
0.012880
-0.015786
0.002220
0.009625
-0.008571
-0.014360
-0.003075
0.003722
-0.009304
-0.016873
0.001217
0.008617
-0.002787
0.003931
0.014566
0.003675
-0.007083
-0.007554
0.017332
-0.001802
-0.017810
-0.006758
-0.001883
-0.015558
0.012024
-0.009495
0.008234
-0.013459
-0.008420
-0.013116
0.015973
0.011288
-0.011067
0.010465
-0.018015
0.004082
-0.008631
0.007856
-0.010881
-0.006051
-0.004321
0.006860
0.017343
0.003492
0.006924
0.001484
0.000090
0.006337
-0.006441
-0.009178
0.006416
0.001760
-0.014277
0.013267
0.006191
0.009842
0.000451
-0.014066
0.013482
-0.009915
0.003319
-0.000443
-0.017142
-0.009058
0.009502
-0.004794
-0.001412
-0.010940
0.001042
-0.006844
0.013583
0.000538
0.003700
-0.014635
-0.007186
-0.012235
0.017007
-0.001232
0.009173
0.000687
0.015985
-0.008498
-0.000587
0.013572
-0.009775
0.008546
-0.017567
-0.007214
0.005095
-0.016401
-0.017002
0.001150
-0.004235
-0.008341
0.016037
0.009324
-0.010080
-0.001845
-0.005903
-0.005240
-0.001863
-0.011116
-0.017734
0.004494
-0.016037
-0.012530
0.008329
-0.008602
0.017412
0.003655
-0.008847
0.010765
0.007926
0.009591
-0.013821
0.002397
0.009354
-0.003277
-0.009589
0.010505
-0.006386
0.006559
0.010745
-0.011089
-0.006557
-0.012481
-0.002097
0.016989
-0.008176
0.003848
0.013972
0.000553
0.017912
0.002812
0.011683
0.012603
0.009180
-0.007269
0.000288
-0.001286
0.014269
0.014777
-0.001487
0.008819
-0.015959
-0.004090
0.014766
-0.016013
-0.005899
0.001764
0.016723
-0.014095
-0.007881
0.007723
-0.006825
-0.006832
-0.004391
-0.013454
0.006655
0.006976
0.004742
-0.005102
0.016904
-0.005591
0.017930
0.005199
0.014230
-0.010953
-0.002796
-0.017836
0.006475
-0.009737
0.006141
0.006710
0.013409
0.015802
0.011801
-0.002070
-0.003076
0.002749
-0.013336
-0.001771
-0.005463
-0.012740
-0.011012
0.007418
-0.007797
0.005507
0.011446
-0.012505
0.009036
0.017204
0.003533
0.002723
0.015985
-0.015296
-0.008365
-0.016456
0.006321
-0.001302
-0.002602
0.013942
-0.004498
0.005174
0.008095
0.009955
0.011117
0.014895
0.008805
-0.017070
-0.007388
-0.010913
0.007058
0.016978
0.009362
0.009794
0.005086
0.010928
0.008030
-0.006802
-0.001867
0.013044
-0.016924
-0.008697
0.008238
-0.002969
0.016929
-0.004975
-0.008654
-0.006814
0.004674
0.010890
0.016368
-0.006811
-0.007632
-0.011789
0.015788
-0.003502
0.017562
-0.011255
-0.001222
0.014985
-0.007166
-0.013256
0.007331
0.007064
0.003807
0.008532
0.002129
0.010986
0.016168
0.015933
0.012844
-0.005780
-0.011693
-0.002829
0.005896
-0.014519
-0.016391
0.001755
0.002906
0.003975
-0.015795
-0.011989
-0.005449
0.009329
0.001685
-0.011179
0.000283
0.016281
0.006768
0.003006
-0.002777
-0.001145
0.004958
-0.014868
-0.005485
-0.016124
-0.017306
-0.013724
0.001852
-0.012326
-0.009189
-0.005523
0.003525
0.006844
0.002190
0.015576
-0.011102
-0.004588
0.002372
-0.005656
0.011797
-0.013829
0.012683
0.016393
0.000143
0.016362
0.003815
0.015016
0.007686
-0.000688
-0.010597
-0.003889
0.013240
0.005619
0.005357
0.017089
-0.003484
0.002991
-0.000338
-0.016337
-0.014301
0.015246
0.010815
-0.010596
0.004371
-0.013793
-0.015727
0.001718
-0.012863
0.007845
0.017264
0.015340
0.010723
-0.016383
0.005818
-0.004740
0.007486
-0.017042
0.009559
0.000012
-0.008050
0.011847
-0.006761
0.014816
-0.013828
0.007718
0.011568
-0.006792
-0.013436
0.006206
0.007467
0.017691
-0.010876
-0.014578
-0.013793
0.009421
-0.005026
0.004727
-0.010469
0.015082
-0.010015
-0.014775
-0.003138
-0.000016
-0.013133
-0.017079
0.011476
-0.015811
0.014218
-0.009384
-0.014295
-0.000993
0.015250
-0.014899
0.013317
0.012274
0.016716
0.010288
0.007952
0.017881
-0.012997
-0.008205
-0.000494
0.012123
-0.002237
0.015153
0.007517
-0.004639
0.016983
0.004615
0.012843
-0.014075
0.003461
0.002612
0.013717
-0.013879
0.017756
0.005329
0.002079
0.013499
-0.007516
0.016700
0.009775
-0.011713
0.005484
-0.017233
0.011676
-0.015040
0.015402
0.016553
0.012579
0.011380
-0.005900
0.017728
-0.012908
-0.017640
-0.004746
-0.007017
-0.013055
-0.008616
-0.002148
-0.010645
0.016882
-0.000502
-0.009194
-0.007715
0.012711
-0.007291
0.000849
0.005496
0.006166
-0.003455
-0.004066
0.006108
0.012015
0.003863
-0.016805
0.014555
0.009489
-0.013565
-0.007393
-0.003236
-0.008385
-0.000093
-0.012382
0.011008
-0.002043
-0.013374
0.000522
-0.005753
0.009424
-0.004854
0.015365
-0.015158
-0.005436
0.013658
0.017640
-0.017850
-0.013341
0.001894
-0.004110
0.008212
-0.013062
0.007869
0.013923
-0.007730
0.001479
0.010497
-0.005395
-0.007969
0.011500
-0.012079
-0.001366
-0.006972
0.010806
0.002081
-0.012163
0.013000
-0.015910
-0.003166
0.008223
0.003516
-0.006439
0.003767
0.010015
0.015132
-0.007086
-0.015516
-0.013702
-0.005072
0.016009
-0.013706
-0.010367
-0.011130
0.009547
0.011044
-0.016827
-0.004339
-0.012351
-0.007506
0.009742
0.001560
0.006312
-0.004843
0.010278
-0.007964
-0.006900
0.017592
0.014412
0.011835
0.002217
-0.009783
-0.008149
-0.017073
-0.014852
-0.009672
0.003413
-0.003456
0.000297
-0.011786
0.007782
0.011006
-0.010715
0.017219
0.008134
0.014175
-0.005048
0.006077
0.000519
-0.006862
-0.002678
-0.016643
-0.014585
-0.001260
0.007791
0.010940
-0.000425
0.014469
0.004404
-0.012476
-0.002250
-0.010279
-0.001488
0.010422
0.012616
0.000997
-0.004159
-0.000730
-0.001231
0.011694
-0.012432
0.006428
-0.017078
0.015108
-0.006112
-0.005013
0.016411
-0.011327
0.016892
0.012145
0.016266
-0.007662
-0.006452
0.009021
0.002857
0.010424
-0.002283
-0.016965
0.014500
-0.014963
-0.004396
-0.011160
-0.017595
0.001836
0.004933
-0.003200
0.011486
0.014705
-0.012543
0.005925
0.008851
0.003680
0.011436
-0.016400
0.016074
-0.003835
-0.008861
0.016461
-0.009295
0.007982
0.002402
-0.002733
0.014628
0.004419
-0.012410
-0.017736
-0.012846
-0.005146
-0.002231
-0.002119
-0.010612
0.015442
0.017962
-0.002721
0.011030
-0.002376
0.003061
0.007865
0.005323
-0.009195
0.012379
-0.016212
-0.012785
-0.006953
-0.001317
0.017305
0.001200
0.004196
-0.002959
-0.010742
-0.003790
-0.006366
0.001513
0.003192
-0.002922
-0.003241
0.016843
-0.010662
0.017094
0.000884
0.015928
0.000337
0.008876
-0.005719
0.002957
-0.017077
0.008652
0.011171
0.010410
0.005625
-0.011081
0.002104
0.002777
0.012419
0.001220
-0.008294
-0.000324
0.017792
-0.008374
0.008318
0.008558
0.003731
-0.001903
-0.015949
0.005329
0.000704
-0.013155
0.017934
0.017951
0.011614
-0.014482
-0.006747
-0.011216
-0.002262
-0.014436
0.004145
-0.011379
0.011412
0.012924
-0.012734
-0.000208
0.005840
0.003840
-0.010332
0.006526
-0.011329
-0.004352
-0.009301
-0.011515
0.016473
-0.007846
0.011573
0.016506
-0.013542
-0.010839
-0.010901
0.015601
-0.007819
-0.004420
0.007998
-0.017347
-0.016366
0.003675
0.017852
0.013403
0.003419
-0.004398
-0.007788
0.000804
-0.002052
-0.015969
0.003280
0.001529
0.004657
0.005883
0.016476
-0.017964
-0.007353
-0.000711
-0.004155
-0.011612
-0.007191
0.010809
-0.017034
-0.003854
0.011543
0.001259
-0.000312
-0.005317
-0.012400
-0.018041
0.000110
-0.001325
0.010592
0.005180
-0.016944
0.000692
0.010757
0.007418
-0.012752
0.007004
-0.007360
0.006510
-0.014653
0.013821
0.003635
0.005230
0.005058
-0.014613
-0.013808
-0.012241
-0.012101
0.008620
-0.012917
-0.003636
0.006993
-0.012163
-0.017534
-0.001014
0.016126
-0.007080
-0.009084
-0.005663
-0.012082
0.009623
-0.008211
-0.015639
-0.013235
-0.014821
-0.009100
-0.008818
0.011892
-0.000976
-0.009678
-0.015820
-0.015108
0.009941
0.012446
0.012426
0.012235
0.017865
-0.009871
-0.015710
0.012505
0.008086
0.017393
-0.010442
0.016416
0.007342
0.001732
-0.016155
-0.011970
0.011357
0.014460
0.010793
-0.009862
-0.010205
0.004847
0.016622
0.007172
0.008863
-0.001838
0.004899
-0.017226
-0.003318
-0.001415
0.002982
0.014345
0.007031
-0.011662
0.004255
-0.008279
-0.011772
-0.001624
0.014403
-0.002788
-0.013535
0.017458
-0.000311
-0.004297
-0.016791
-0.007116
-0.000584
0.005644
0.005515
0.007874
0.006236
0.003467
0.006697
-0.010053
0.002239
-0.011964
-0.005058
0.016437
-0.003903
0.016205
0.015597
-0.015485
0.009479
0.007321
-0.006368
-0.016070
0.002933
0.009569
0.013787
-0.002966
-0.012174
-0.017523
0.003461
-0.004519
-0.016715
0.005332
-0.007155
0.000586
-0.004282
-0.013939
0.015659
0.004896
-0.008400
0.005094
0.002571
0.012113
0.008244
0.008101
0.010462
0.001824
0.014723
-0.010487
-0.000386
-0.015995
0.013866
0.016450
-0.014750
0.014284
0.003268
0.004182
0.010939
-0.016273
0.002059
-0.011017
0.005707
-0.000643
0.013032
-0.014667
-0.007581
0.004988
0.016498
0.016316
-0.017533
0.002013
-0.015541
0.015548
-0.017473
0.005472
-0.006241
0.015570
-0.010382
-0.003182
0.015908
-0.000461
0.015261
-0.013211
0.008918
-0.010601
-0.001996
0.006271
0.017566
0.014564
-0.000403
-0.012780
-0.010993
0.014516
-0.010679
0.007632
0.014578
0.011802
0.010985
-0.011154
0.017960
-0.015047
0.008679
0.007993
0.010188
-0.000916
0.005300
-0.014976
0.001827
0.009856
0.006288
-0.011038
-0.017794
0.016540
-0.004577
0.006487
0.015029
-0.016759
-0.013454
-0.011272
-0.015627
-0.006841
0.014829
-0.004250
0.004157
0.000523
-0.001939
-0.017601
-0.003887
0.008042
-0.009135
-0.017851
0.015660
-0.009599
0.000219
0.001580
0.017894
0.016570
0.011046
0.016270
-0.014963
-0.004110
-0.012351
-0.017345
-0.007567
0.015633
0.017034
0.002110
-0.009977
0.001575
0.013878
0.000768
0.014396
-0.005348
0.006184
0.013479
0.014828
-0.012260
-0.016574
0.005554
-0.002786
-0.002149
-0.003333
0.012078
-0.016371
0.010292
-0.007734
0.015195
0.005135
0.005709
0.013839
-0.006319
0.007135
-0.012485
0.009042
-0.000510
-0.011918
0.006027
0.007353
0.016689
-0.001664
0.013681
0.015124
-0.011321
-0.010403
0.011980
-0.014561
-0.002774
0.012942
-0.003781
0.017541
-0.012538
-0.008822
-0.004414
-0.011183
0.011899
-0.015367
0.005726
0.007450
0.005585
-0.005868
-0.014764
0.014323
0.013041
-0.011365
-0.014278
-0.006516
-0.011149
-0.016220
0.017837
0.017662
-0.007771
0.017104
-0.015558
-0.014315
0.003512
-0.001846
0.006363
0.007315
0.013498
0.013554
0.003163
-0.006083
-0.014524
-0.007565
0.005510
-0.017531
0.017829
-0.012336
-0.005548
0.005695
-0.008625
0.008719
0.002895
-0.004397
-0.016428
0.005300
0.004984
-0.012001
-0.013704
-0.009357
-0.000273
-0.001291
-0.015726
0.014615
-0.013349
0.010826
0.012142
-0.003343
-0.010241
-0.006412
0.012225
0.011306
-0.005150
-0.003128
-0.017609
-0.007967
0.003047
-0.014759
-0.016491
-0.001307
0.002130
-0.014180
-0.012952
0.011266
-0.017692
0.014367
-0.014425
-0.002035
-0.004893
-0.004271
0.004168
0.011481
-0.003992
-0.017990
0.017412
-0.009159
-0.007689
0.008801
0.000195
0.011379
-0.001086
-0.009316
-0.013829
-0.013353
-0.010207
0.002157
-0.015661
0.003711
-0.006129
0.002684
0.002168
0.017458
-0.013708
0.015752
-0.015755
0.012176
0.007106
-0.005256
-0.007248
0.018040
