-0.019644 0.297525 0.277024 0.064223 0.340855 0.065276 0.041568 0.115687 0.086466 -0.036819
-0.122350 -0.239032 -0.035759 -0.188618 0.232558 -0.006861 0.184239 0.179967 -0.030159 0.282690
0.466998 0.086552 0.040290 -0.174741 0.135145 -0.006437 -0.353220 0.039904 -0.147477 -0.288938
0.246541 0.001326 -0.111853 0.196370 -0.127285 -0.060369 0.140317 -0.188243 -0.058472 -0.421032
-0.064194 -0.021344 -0.272405 0.020762 -0.214253 0.229971 0.164916 0.030574 0.073625 0.159716
0.192132 0.008526 -0.071737 0.382087 0.148885 -0.268259 -0.130730 0.131200 -0.016071 -0.085398
-0.076832 0.094553 -0.070331 -0.135651 0.125978 -0.086187 0.209572 -0.023367 0.363171 0.118020
0.044348 -0.083727 -0.165739 0.130351 0.247194 0.205103 -0.064846 -0.207147 0.145931 0.011774
0.270004 -0.057151 -0.009952 -0.160447 0.111068 0.192353 -0.019052 0.094723 0.159492 0.075436
0.006155 0.202221 -0.180868 0.119155 0.076986 -0.032706 -0.129789 0.029413 0.073894 0.080585
-0.151151 0.096404 -0.125171 -0.202699 -0.087139 0.144226 0.115696 0.017092 -0.213267 0.315742
0.150833 0.226921 0.254607 0.003173 -0.210111 0.055540 0.075961 0.018694 -0.023277 0.056388
