-0.069570 -0.078462 0.192813 0.333721 -0.180922 -0.344741 0.152392 0.148988 0.014175 -0.351756
0.191351 -0.071041 -0.065527 0.289663 0.036721 -0.113368 0.155668 -0.131610 -0.076107 0.080907
-0.092059 -0.021154 0.211982 0.043972 0.190774 0.181967 0.088361 0.053518 0.343859 -0.233832
0.172960 -0.141088 0.194259 -0.065118 0.202353 -0.013006 -0.054254 0.034881 -0.087067 0.040956
0.001835 0.029378 0.019345 -0.190460 0.264678 -0.087822 0.033756 0.240834 -0.132153 -0.319981
0.255259 -0.271721 -0.181206 -0.183725 -0.400366 0.157199 -0.004387 0.019906 0.025477 0.067281
0.303109 0.100311 0.058975 0.188332 0.099375 0.035035 0.167926 0.099774 -0.027638 -0.041279
0.044094 0.158062 0.045536 -0.156722 0.190548 -0.082905 -0.018319 0.082771 0.089482 0.104163
0.151077 -0.056143 -0.068721 0.058535 -0.094971 0.085014 -0.087486 0.195468 -0.075544 0.027154
0.077805 0.154774 -0.335518 -0.037071 -0.173919 -0.059443 0.103739 -0.048267 0.058460 0.116569
0.045573 -0.090825 0.142616 -0.034789 0.125063 0.212924 -0.321098 -0.113233 -0.194826 -0.110868
0.332529 0.008357 0.042996 0.115837 -0.192307 -0.094171 0.184569 0.159633 0.024983 0.074907
0.038639 -0.010314 0.159144 -0.146458 -0.221990 -0.022945 -0.160738 0.060386 0.027215 -0.238846
0.125543 0.141086 0.095207 0.006276 -0.087605 0.140185 0.224173 -0.047887 -0.310524 -0.143126
0.283969 -0.065984 0.062173 0.018280 0.149550 0.250054 0.091188 0.036428 -0.061646 0.139242
-0.058955 0.226652 -0.007389 -0.183799 0.250015 -0.081337 0.227278 0.027885 0.063482 -0.020857
0.163493 -0.040956 -0.031416 0.161163 -0.174857 -0.079327 0.510792 0.317656 -0.061646 -0.300372
-0.059309 -0.136544 0.341073 0.274259 0.417114 -0.021781 0.178200 -0.178713 0.063904 0.065480
-0.247292 -0.186942 -0.064643 0.059190 0.013148 -0.151766 -0.050156 0.147162 0.371503 -0.096213
0.065658 0.012956 -0.078793 0.074967 0.167008 0.196051 -0.027413 0.068785 -0.044399 0.147903
-0.037079 -0.202231 0.109139 0.070753 -0.015769 -0.125474 0.318826 -0.116603 -0.271063 0.021170
-0.241115 0.000729 -0.018960 0.074153 0.063365 -0.037678 0.076751 0.049181 -0.032574 0.093793
0.141287 -0.086620 -0.020264 -0.140986 0.035697 0.252750 0.037890 0.277572 -0.220835 0.096536
-0.228080 0.095158 0.020769 0.111297 -0.084551 -0.119828 0.017841 -0.069399 -0.160172 -0.241907
0.160013 -0.204803 -0.038691 -0.018566 0.310248 0.016739 -0.304532 0.029130 0.207093 -0.040415
0.278372 -0.089432 -0.198820 0.066902 0.277003 0.124780 -0.105770 0.096460 -0.169054 -0.044099
-0.259292 -0.147661 0.159757 0.160226 0.197552 -0.037419 0.256556 -0.252568 0.196033 0.028504
-0.069995 0.124659 0.248840 0.203109 0.073409 0.281675 -0.272885 0.088250 -0.009617 0.300808
-0.120869 0.085851 0.069369 0.054372 -0.163245 0.176679 -0.263218 0.259856 0.122196 -0.294924
-0.061533 0.082410 -0.063185 -0.376445 0.112001 0.042000 0.248888 -0.154518 -0.225784 0.125218
-0.138146 0.040711 0.294829 -0.090737 -0.247151 -0.069236 -0.137296 0.226431 0.090392 -0.019487
-0.319118 0.017976 0.091679 0.230731 -0.051413 -0.194325 0.232997 -0.016301 0.087263 -0.055678
0.156401 0.261317 0.172078 0.173415 -0.073243 -0.055857 0.049772 -0.029694 -0.063582 -0.010435
0.004276 -0.141863 0.103592 0.140804 0.004481 -0.055183 0.054299 -0.358882 -0.104619 -0.247833
0.262864 -0.039575 0.195653 -0.145702 0.082709 -0.059318 0.243467 0.030415 0.052609 -0.001668
-0.333868 0.030364 0.121022 0.391513 -0.006997 -0.109814 -0.103831 -0.043532 0.111497 0.292342
0.117082 0.344378 0.078556 0.173592 0.122808 0.033834 -0.078582 -0.140155 -0.108353 0.048157
-0.058886 0.090633 0.068683 -0.027594 0.170692 0.227066 0.092450 -0.146430 -0.132768 0.106553
-0.142290 -0.268317 -0.201998 0.173040 -0.142785 0.125288 0.237667 0.160154 -0.192173 -0.064645
-0.018725 -0.248445 -0.078546 -0.204452 0.346205 0.151671 0.214007 0.141136 0.138904 0.180378
0.032837 -0.205679 -0.133700 0.257147 -0.252813 0.121602 -0.159267 -0.053049 -0.014589 -0.023019
0.193613 -0.224464 -0.075327 0.178163 0.134424 -0.062256 -0.161157 -0.222260 -0.050852 0.179718
0.094558 0.051200 -0.231447 -0.048740 -0.229470 0.100229 0.062311 -0.049502 0.067816 0.250436
0.214284 0.133589 0.260814 -0.135849 0.153401 -0.206343 -0.043321 -0.093811 -0.184735 0.091942
-0.176874 -0.028338 -0.115703 0.076094 -0.299946 -0.071308 0.056113 -0.113243 0.137654 -0.065121
0.105285 -0.084209 0.210919 0.196349 0.091407 -0.154933 0.101904 -0.081087 -0.077606 0.228752
-0.135434 -0.054662 0.009585 0.133259 -0.094927 -0.324850 -0.011583 -0.089232 -0.047885 -0.035137
0.082968 0.003335 0.114316 -0.025464 -0.164260 0.320079 0.082806 0.198519 0.206337 0.083149
0.121696 0.351360 0.099073 -0.570475 -0.022062 0.098793 -0.074460 0.221819 0.083502 0.120593
-0.269515 0.004471 -0.110085 -0.123002 -0.301136 0.183809 -0.046215 0.063648 -0.335913 0.099013
0.059009 -0.315029 -0.397343 -0.072689 0.344062 0.095281 -0.241885 0.171599 0.117859 0.089362
-0.129423 -0.073116 -0.086915 -0.091873 -0.300335 0.258522 -0.086478 -0.132969 0.169906 -0.248430
-0.186485 -0.082018 0.062872 0.019366 0.187934 0.292768 0.166748 0.273384 0.272434 0.194766
-0.179127 -0.141070 0.083451 0.178313 0.013177 0.012916 0.095058 0.137415 -0.122338 0.007607
-0.128036 -0.037448 0.045489 -0.059986 0.039772 -0.123346 0.145098 -0.133031 0.045148 0.229858
0.014518 -0.118863 -0.110329 -0.149848 0.214456 0.021340 0.049186 -0.046215 0.030295 -0.085020
0.006143 0.023489 -0.152931 -0.329551 -0.013543 -0.069917 -0.013447 0.154490 -0.184037 0.019117
-0.038539 -0.348407 0.103061 0.123315 -0.046791 -0.027979 0.332499 0.224108 -0.346790 -0.482023
-0.057401 -0.007054 0.199529 -0.092864 -0.066771 0.213914 0.285365 -0.140414 0.025316 -0.126682
0.185035 0.127534 0.279364 -0.127150 0.141497 -0.093384 0.243150 0.169543 -0.060075 -0.005822
-0.008509 0.158611 0.026002 -0.146035 -0.138292 0.081508 0.009843 -0.100227 -0.064058 -0.042886
-0.003939 -0.248285 0.132575 -0.065222 -0.249857 -0.132287 0.252065 -0.195153 0.041522 -0.038022
0.352152 0.202837 0.222809 -0.396457 0.028003 0.248153 0.059215 0.041932 0.000298 0.167706
-0.264232 -0.308745 0.005967 0.181614 -0.002989 -0.163671 -0.094516 0.076433 -0.231508 0.075878
0.043112 -0.108952 -0.060701 -0.197385 -0.307288 -0.120494 0.160594 -0.087397 -0.186921 0.005266
-0.112657 -0.039765 -0.024198 -0.044697 -0.160147 0.012379 0.122137 -0.064449 0.053794 0.140654
-0.080009 -0.085495 0.030188 -0.151225 0.185833 -0.146450 0.147562 -0.053470 0.001065 -0.024845
-0.065674 -0.228817 0.122773 -0.133331 -0.050201 0.006338 0.033982 0.013408 -0.139123 0.122304
0.074911 0.125415 0.337318 -0.184162 -0.222570 -0.055439 0.057459 -0.041421 -0.045867 -0.198863
0.304888 0.014953 -0.084495 0.149390 -0.036163 -0.159713 0.173752 0.106386 0.034855 -0.031340
0.089508 -0.118679 0.062811 -0.056544 -0.138371 -0.104882 0.360873 -0.126979 -0.072059 -0.062582
-0.381086 0.067341 0.163423 0.085209 -0.103993 -0.079126 -0.015108 0.070024 -0.022579 0.177826
0.086271 -0.209439 0.005775 -0.184265 0.071929 0.278575 0.033211 -0.161790 0.025608 -0.093529
-0.178566 0.277220 -0.213577 -0.319429 0.117894 0.183265 -0.106485 0.134121 0.007700 -0.170221
-0.079674 0.141451 0.102145 -0.276738 -0.026156 0.008013 0.060431 -0.045649 0.027768 0.103517
-0.197691 0.217540 0.169816 -0.148731 -0.254289 0.022166 -0.066139 -0.138253 -0.117815 -0.082652
-0.335834 0.113664 0.023875 -0.040851 0.069381 -0.067507 0.109307 -0.173771 -0.118150 0.110011
-0.257634 0.291919 -0.352135 0.425434 -0.107740 -0.217868 -0.126095 0.132639 -0.147848 0.159630
-0.110647 -0.198318 -0.151075 -0.129830 -0.014816 0.200765 0.223619 -0.090804 0.339994 0.187712
-0.191792 -0.011849 0.102241 0.082834 -0.032018 0.201821 0.218518 -0.091219 0.075407 -0.162483
