-0.158696
0.409667
-0.025824
-0.192610
-0.610010
0.409586
-0.314080
0.735627
0.460665
-0.036980
-0.728968
-0.198449
0.166613
0.252269
0.459765
0.053762
-1.065948
-0.472846
0.570222
0.363955
-0.044283
-0.009677
-0.792618
0.164748
-0.769483
-0.707590
0.010937
0.323792
-0.254390
0.042374
0.124573
-0.164277
0.804200
-1.015381
0.131193
-0.237262
-0.716776
0.443883
0.159536
0.401184
-0.639491
0.254627
0.611557
-0.265480
0.893673
-1.264070
0.034143
-0.226335
-0.030207
0.199983
0.394117
-0.026533
0.435895
-0.619719
0.311626
0.111703
0.253507
-0.903951
-0.057230
-0.278123
-0.495197
0.022067
0.502379
-0.527264
-0.061911
-0.328813
-0.726114
0.926404
-0.299100
-0.318317
0.180670
-1.267702
-0.473620
0.055814
0.104068
0.352251
-0.903159
-0.361807
-0.179073
-0.112030
0.525696
0.102973
-1.174519
0.020548
0.142779
0.088997
0.702161
0.115632
0.322865
0.193102
0.318743
0.267200
-0.268269
0.604453
-0.054184
-0.468432
0.291544
-0.532538
0.067354
0.644832
0.692736
-0.067880
-0.202098
0.632727
-0.030752
-0.141195
0.090181
0.031528
0.276695
-0.421524
-0.820510
0.087673
0.464721
-0.353193
-0.119302
0.352228
-0.718989
0.595866
0.527253
1.592615
