0.111105 0.085829 -0.196546 0.117795 -0.171530 -0.032304 -0.093552 -0.389980 -0.128422 0.294012
-0.028575 0.165018 -0.193741 -0.301408 -0.317324 -0.375312 -0.157785 0.000269 -0.117190 0.234854
0.253219 0.088309 -0.050433 0.032589 -0.052356 -0.185654 0.176042 0.233400 0.035168 0.101628
0.092503 0.128283 0.216552 0.014744 -0.282713 -0.275931 -0.010446 0.158154 0.148404 -0.119091
0.203584 0.184597 -0.218273 0.303886 0.142410 -0.099937 -0.187696 0.358484 0.034247 -0.009354
-0.212148 -0.332619 0.414146 -0.253767 0.117016 0.080194 -0.115980 -0.107018 -0.123923 0.058703
-0.279659 -0.306955 0.132350 -0.205601 0.362768 -0.059311 -0.280145 0.208568 0.124330 0.084194
0.377544 0.098535 -0.029138 0.135775 0.147579 -0.291347 -0.140424 0.140076 -0.069622 0.023411
-0.155882 0.175006 -0.088354 -0.032054 0.122466 -0.302273 0.053887 0.074389 -0.143647 0.170316
-0.031215 0.078134 0.002169 -0.146696 0.174975 0.160409 -0.106453 -0.168159 -0.149606 -0.264197
-0.297412 0.081224 -0.005552 0.374572 0.109734 -0.247006 -0.267952 -0.245676 -0.108733 0.356434
0.389991 0.053229 -0.004531 0.000957 -0.130991 -0.184413 -0.132676 0.146613 0.048433 -0.123157
0.076883 -0.123289 -0.023176 0.112582 -0.059355 -0.349035 -0.284468 0.127456 -0.216312 -0.083744
0.245934 0.234484 0.086282 -0.087334 0.083481 -0.035230 0.002915 0.077700 0.038969 0.038952
0.248271 0.224568 -0.006605 -0.068151 0.059179 0.184038 -0.315107 -0.022522 -0.076671 -0.126907
0.076138 -0.088330 0.061421 0.118058 0.022741 -0.210079 0.156527 -0.094045 0.060776 -0.076033
-0.159185 -0.396774 0.166291 -0.089528 -0.063417 -0.134708 -0.102056 0.051837 0.103410 0.127692
0.064476 -0.046624 0.284587 -0.100901 0.138847 0.068741 0.200832 0.038189 -0.035066 -0.257409
0.026819 -0.165099 0.011967 0.075924 0.024857 0.104635 0.006160 0.042299 0.134091 0.348609
0.072734 0.203152 -0.061999 0.169434 -0.024342 0.161446 -0.105935 0.333518 -0.188690 0.223878
0.024514 -0.193583 0.100389 -0.013267 -0.375903 -0.088602 -0.273087 -0.111322 0.231799 -0.071356
0.192659 -0.295564 -0.102961 0.078713 0.307401 -0.206094 -0.009478 0.004202 0.045474 -0.370721
-0.023529 0.067442 0.024406 0.017687 -0.377093 -0.087965 0.096843 0.040822 -0.163248 -0.167821
0.033359 -0.206047 0.041126 -0.046154 0.033590 -0.185280 0.271316 0.173239 0.022051 0.066050
0.096909 -0.308429 -0.071480 -0.058827 -0.276672 -0.184631 -0.409832 0.043681 0.226185 0.253252
0.041718 -0.212945 0.181071 -0.192507 -0.342049 -0.082271 -0.117596 0.162295 -0.075125 -0.013192
0.018133 0.089642 0.109323 -0.049671 -0.126968 0.155964 0.357940 -0.175123 -0.000758 -0.121046
-0.023229 0.288507 0.032267 -0.002231 0.261409 -0.059596 0.115596 -0.113573 -0.116719 -0.098137
0.146509 -0.084914 -0.150844 -0.015886 0.059719 -0.081547 -0.145782 0.090997 0.029580 0.328260
-0.144923 0.081691 0.088403 -0.084981 0.051177 0.308418 -0.013066 -0.109715 -0.109370 0.017667
0.127804 0.212805 -0.172772 0.029269 -0.021238 -0.090146 0.010276 0.213364 0.237856 0.160297
0.121034 0.197701 0.099032 -0.204631 0.127313 0.036818 0.117330 0.141648 0.252144 0.060093
0.003113 0.124120 -0.193853 0.039056 0.012980 0.227169 0.232715 0.202015 0.312390 0.059458
-0.123316 -0.237067 -0.070497 -0.142638 -0.116036 -0.109980 0.191641 -0.021433 0.063097 -0.061625
0.054450 -0.126813 0.176479 0.062233 -0.068616 -0.005027 -0.072671 -0.147542 0.194613 -0.003824
-0.051080 0.034470 0.022001 0.300661 0.125222 -0.093853 -0.156998 -0.424379 -0.069397 -0.012550
0.047357 -0.011572 -0.011317 -0.081086 0.004595 -0.152970 0.047191 0.110612 -0.137880 -0.066235
-0.079628 0.102837 -0.051451 0.050864 -0.086993 0.171809 0.089841 -0.018981 0.138102 -0.199042
-0.354725 0.124181 0.180692 0.017354 -0.106769 0.104383 -0.109413 -0.242837 -0.032747 -0.128590
0.138519 -0.239964 -0.235316 0.063654 -0.100592 -0.097346 0.083066 -0.109891 -0.343680 -0.067584
-0.154937 0.317381 0.023886 0.126646 0.126389 0.188488 -0.229144 -0.134660 -0.149748 0.378557
0.122475 -0.051905 0.270949 -0.075988 0.082345 0.152049 -0.001347 -0.010772 0.048938 0.065981
0.020114 0.078704 -0.240986 0.014814 -0.123785 0.012454 0.179435 0.280845 -0.373846 0.033724
0.120773 0.011083 0.042049 -0.015536 0.129006 -0.020009 -0.106076 0.028778 -0.419195 0.274834
0.068431 -0.008074 -0.041992 -0.061055 0.078282 -0.279512 -0.032960 0.129646 -0.293863 0.064201
-0.060933 0.079424 0.054187 -0.106027 -0.051054 -0.005381 0.195362 0.139349 -0.068151 0.189292
0.364614 -0.171468 0.004519 0.055238 0.205194 0.172939 0.222060 0.157898 0.095579 0.068836
0.263075 0.197289 0.068266 0.130669 -0.245968 0.259609 -0.207022 0.063004 -0.007802 0.002916
0.307986 -0.359561 -0.159577 0.215168 0.280245 -0.186146 -0.066776 0.238148 0.007451 0.083589
0.060131 0.064783 -0.128192 -0.084369 -0.190174 0.021455 0.041051 0.142538 0.137048 0.134517
-0.227249 0.124573 0.298818 -0.076428 0.045715 0.056181 -0.148857 0.000792 -0.048450 0.101085
0.173713 0.061767 0.247060 0.069911 -0.154867 -0.248889 0.076163 0.042573 0.128462 0.147300
0.048582 -0.000821 0.197810 0.133200 -0.148567 0.012406 0.003859 0.063362 0.201608 -0.012820
0.249662 -0.056452 0.110118 -0.129816 0.178518 0.063959 -0.033635 0.253209 -0.295455 -0.116461
-0.190080 0.186724 -0.098626 -0.102534 -0.237900 0.144454 -0.094854 -0.155656 -0.079227 0.151913
-0.037168 -0.077194 0.045093 -0.207795 0.124614 -0.129641 0.005362 -0.130002 -0.247660 0.052383
0.202441 0.072543 0.077279 0.283089 0.287373 -0.016577 -0.019712 -0.185231 0.029243 -0.156166
0.190919 -0.032825 -0.227655 -0.065501 -0.117342 -0.274359 -0.111572 0.087748 -0.242519 -0.026389
-0.087824 -0.020491 -0.056638 -0.021686 -0.036378 -0.120488 0.107422 -0.062628 -0.164689 0.168592
0.039557 0.087886 -0.006368 0.108375 0.155750 0.107671 -0.081154 -0.170346 -0.066001 -0.016282
0.041270 0.054499 0.148421 0.002687 0.229261 -0.099612 0.035898 0.198257 -0.011763 0.104363
0.145380 0.153948 0.184551 -0.046043 -0.208999 -0.063746 0.005903 -0.035665 -0.078818 0.107120
0.085497 0.141509 -0.124567 0.068990 0.016296 0.236685 -0.337281 0.089797 0.104926 0.012510
0.123865 0.166926 -0.341422 0.077537 -0.145987 0.132552 0.050293 -0.059419 -0.058041 -0.018276
-0.013786 -0.006133 -0.232959 -0.166659 -0.198497 -0.094051 -0.266196 -0.036947 -0.084559 0.144973
0.042997 0.011396 0.295613 0.014601 -0.013224 -0.100285 -0.037015 0.168255 -0.061444 0.184246
0.084117 0.070971 0.103955 0.035741 -0.081039 0.143100 0.029038 -0.278018 0.133969 -0.134727
-0.028623 0.114519 0.165844 0.055216 -0.137256 0.065529 0.084390 -0.006742 0.109107 -0.148076
0.053499 0.135294 -0.066376 -0.202181 0.074661 0.068942 0.177253 -0.016596 -0.246868 -0.069198
-0.123013 -0.038259 -0.003733 -0.257961 -0.417425 0.020952 -0.014148 -0.242515 0.157371 0.047570
0.023773 0.173071 -0.129981 -0.075762 0.033559 0.260697 0.101296 -0.225746 0.159007 -0.001216
-0.103567 0.092138 -0.212289 0.004847 0.038409 0.191518 -0.035098 -0.068986 -0.391982 0.199706
0.022552 0.189515 -0.132143 -0.310690 0.131855 0.207620 0.041879 -0.169854 -0.172676 -0.299750
-0.038627 -0.119962 0.079061 -0.125439 0.212712 0.033340 -0.132921 0.055355 0.192151 -0.127266
-0.154314 -0.016719 0.156622 -0.050688 -0.181170 -0.106687 -0.021752 -0.104029 0.118130 -0.097265
0.100285 0.004073 0.169103 0.019374 0.352723 -0.124261 0.103272 0.022901 -0.090995 0.164390
0.020436 -0.192740 -0.161736 0.125107 0.228475 0.191738 0.257661 0.217479 0.537793 0.283002
0.090489 0.221419 0.027191 0.039127 -0.255178 0.079603 -0.172248 -0.005120 -0.059345 0.102649
-0.004823 0.356056 0.191800 0.064398 0.061779 -0.002892 0.032434 0.175209 -0.105214 -0.003518
-0.253579 0.013452 -0.224062 0.206968 -0.216450 0.198119 0.065931 -0.085660 0.109053 -0.067194
