-0.135463 0.132979 -0.014178 -0.025680 0.100759 0.020822 -0.271439 -0.095116 -0.338815 -0.062510
-0.137739 0.038542 0.185309 0.156101 0.026565 -0.168587 0.012614 0.341133 0.058803 0.028417
-0.124390 0.001853 -0.102873 -0.074053 0.212029 0.238507 0.007280 -0.069688 0.014643 -0.011331
-0.089189 0.120830 0.014171 -0.091976 0.063530 -0.009196 -0.161515 0.106506 -0.053354 0.149837
0.137315 0.138429 -0.186555 0.229293 0.187172 -0.016991 0.085516 -0.021859 -0.018976 0.045970
-0.195946 0.129375 -0.055701 0.081966 -0.320618 -0.107046 -0.067772 -0.091696 -0.297678 -0.069511
-0.139261 -0.379139 0.208324 0.088136 0.051812 0.240334 0.176198 -0.027150 0.310197 -0.014878
-0.155772 -0.150275 0.029226 -0.117357 -0.173368 0.238007 0.201397 -0.094707 -0.272820 0.181076
-0.137082 -0.122076 0.163901 0.085538 0.198061 -0.144848 0.072037 -0.052765 0.178955 -0.225619
-0.241730 -0.175703 0.044422 -0.070262 -0.015648 -0.081421 0.031831 0.193372 0.395674 -0.056585
-0.133347 0.236497 0.007320 0.250604 -0.012915 0.104121 -0.025285 0.039569 0.163613 -0.283843
0.063494 -0.204750 -0.194221 -0.312425 0.034948 -0.128021 0.248432 -0.101714 -0.086011 -0.209849
0.189917 0.048661 0.021184 -0.065348 0.010330 -0.157797 -0.087668 0.079821 -0.262125 -0.044097
0.132320 0.126679 0.081503 0.179859 0.078850 -0.009717 0.004065 0.122752 -0.050184 0.151701
0.056338 0.092610 0.063474 -0.192207 -0.191748 0.029248 -0.019169 0.075829 -0.206908 -0.140505
-0.052958 -0.070444 -0.037388 0.212262 0.105165 0.166729 0.154695 0.281750 -0.050531 -0.072551
-0.176283 0.147651 0.084404 0.169726 -0.110936 -0.146728 -0.094401 -0.006003 -0.025937 -0.085801
0.110640 0.055002 0.024471 0.022780 -0.260919 0.136620 -0.183185 -0.069238 0.215018 0.272002
-0.145702 -0.163573 -0.042273 0.147163 -0.012787 0.006633 0.127342 0.017823 -0.043363 0.186513
0.138656 -0.249046 -0.280431 0.127409 -0.270486 0.031656 0.215394 -0.012187 -0.070165 0.045339
-0.214292 0.438670 -0.202061 0.038575 -0.036355 0.297089 -0.182182 -0.082068 -0.043868 0.236212
-0.303768 -0.050355 0.021902 -0.035478 -0.197901 -0.026068 -0.025599 0.188065 -0.152595 0.053185
0.086842 0.171841 0.090805 -0.009726 -0.372552 0.103935 0.012973 0.004072 -0.161831 -0.043909
0.102235 0.084321 -0.111651 0.164040 0.081074 0.088304 -0.075074 -0.006151 0.068929 -0.034024
0.089368 0.217904 0.117572 0.106992 0.055748 -0.116477 -0.160758 0.393819 0.133210 -0.087623
0.101757 0.294161 0.031256 0.236877 0.112753 0.116239 0.122090 -0.250811 0.148259 -0.276632
-0.038059 -0.277207 -0.022833 -0.229165 0.175810 0.132350 -0.062426 0.037588 -0.260649 0.158101
-0.266740 0.347109 -0.231269 -0.015793 -0.128113 -0.069967 0.150596 -0.080724 -0.090855 -0.062171
0.064707 0.197437 -0.122197 -0.132208 0.154744 -0.077934 -0.059822 -0.246028 -0.069770 -0.059880
-0.103667 -0.173801 0.304284 0.072648 0.020709 -0.018078 0.018428 -0.120574 0.032157 0.078173
-0.145407 -0.152592 -0.100649 0.054008 -0.149649 -0.374355 0.006722 -0.046087 0.156068 0.141493
-0.058768 0.057595 0.195281 -0.106937 -0.234681 0.059475 -0.199498 0.179519 0.224063 0.010805
0.034937 0.292758 0.111898 -0.183718 0.099928 -0.048822 0.197659 0.200489 0.349184 -0.175433
-0.257143 -0.085078 0.037797 0.278053 -0.152602 -0.123739 -0.295256 -0.065491 0.269298 -0.010402
0.166891 -0.246306 0.172359 -0.015147 -0.225667 -0.067712 0.052345 0.023773 -0.097686 0.203796
0.022736 0.100946 0.065455 -0.108121 0.233032 0.017880 0.220581 -0.151392 0.165588 -0.138837
-0.002867 -0.113078 -0.135691 -0.013348 -0.129125 -0.080023 0.281765 0.104706 -0.088599 -0.156982
-0.192222 -0.166893 -0.041476 0.070625 -0.051397 0.082356 -0.015068 0.061111 -0.179110 -0.037688
-0.096066 0.047067 -0.040872 0.301136 -0.018825 0.213577 0.104552 0.130911 -0.095615 -0.159383
-0.022465 -0.089074 -0.089033 -0.003713 0.008106 0.002786 0.101652 0.157516 0.195955 0.173375
-0.044108 -0.038377 -0.111700 -0.150444 -0.110978 0.004005 0.014467 0.111406 0.135491 -0.006385
-0.250409 -0.112700 0.024538 -0.017325 0.057795 -0.300798 0.094621 -0.151459 0.093958 -0.029237
-0.144898 -0.314104 0.092809 0.125611 0.069613 -0.131159 0.146191 0.224778 0.198069 -0.060825
-0.136251 0.236033 0.071221 -0.118803 -0.207219 -0.094223 0.191999 0.236089 -0.092022 0.117930
0.011014 0.202681 -0.206381 0.143221 -0.209897 -0.127844 0.161395 0.136780 0.171174 -0.260231
0.157991 -0.124029 -0.041996 -0.179247 0.347481 0.135525 0.087817 0.154227 0.106076 -0.301238
-0.056630 0.182379 0.250794 -0.057752 -0.117776 0.060801 -0.099443 0.286092 -0.068791 -0.068099
0.159937 0.168709 0.080492 -0.181648 0.078646 -0.181527 -0.037050 -0.090622 0.248005 -0.016693
-0.190833 -0.095646 0.118961 0.048543 0.177039 -0.162366 -0.006245 -0.110706 0.193406 0.017156
-0.018034 0.266590 0.039721 0.126501 0.384315 0.253580 0.006738 0.224378 -0.222656 -0.052232
-0.047024 -0.155732 -0.088517 0.061830 -0.200847 -0.062071 -0.107715 0.165978 -0.064066 0.129151
0.072762 -0.133893 -0.294354 -0.160137 0.093165 -0.090603 -0.037772 -0.129847 -0.028681 0.013094
-0.136033 -0.237753 0.058919 -0.369925 -0.220902 -0.107889 0.187160 -0.224521 0.017016 -0.076300
0.016145 -0.157651 -0.015018 0.241043 0.027237 -0.248197 -0.083277 -0.064615 -0.024603 0.104914
-0.094851 -0.216920 -0.058217 0.091106 0.293431 0.176477 0.320059 0.026094 0.144733 0.051795
-0.054242 -0.104882 0.048172 -0.015141 0.106663 -0.136434 0.043982 0.093586 0.412105 0.351981
-0.094284 -0.200818 -0.036419 0.044123 0.024083 0.005989 0.044182 0.080956 -0.135868 -0.054547
0.188199 0.008590 0.196566 -0.039519 -0.230757 -0.019496 0.015367 0.134065 0.018486 0.088734
-0.011615 -0.088908 0.157840 0.169455 -0.180082 0.060003 0.148758 0.237150 -0.108482 0.102902
-0.293563 -0.118896 -0.046164 -0.225902 -0.049669 -0.015588 -0.150026 0.181682 0.066879 -0.018313
0.078672 -0.280484 -0.184048 0.049449 -0.368015 0.368353 -0.029252 0.009132 0.106633 0.277924
-0.294574 -0.123586 0.037288 0.036884 0.041678 -0.183423 -0.157903 -0.329014 0.162678 -0.339606
-0.138290 -0.087581 -0.017433 -0.124178 -0.093610 0.091939 0.486640 -0.189740 0.119118 -0.216004
0.004572 -0.032839 0.279007 -0.189208 0.126522 0.019288 0.320271 -0.274626 -0.141009 0.260576
0.312686 0.003997 0.044566 0.119471 -0.006904 -0.174269 -0.181779 0.092203 0.006979 0.161507
0.014244 0.214493 -0.040508 -0.085739 0.277220 -0.053588 -0.034825 -0.152452 -0.006621 0.023597
0.092317 -0.002073 -0.022057 0.189417 0.116855 0.292745 0.224708 0.092720 -0.089498 0.050069
-0.081074 -0.111290 -0.081467 0.191798 -0.119636 -0.060001 -0.016513 0.159543 0.235961 0.120515
-0.207894 -0.151454 0.088772 -0.063098 -0.196661 0.232471 0.017779 0.114485 0.059283 0.029807
-0.251946 -0.094519 0.223283 -0.037730 -0.280390 -0.087780 0.183239 -0.030217 0.311321 -0.094084
-0.061808 0.033731 0.058677 0.197999 0.075341 -0.288016 0.045844 -0.119766 0.132406 0.060427
-0.234250 0.114654 -0.185932 0.206556 0.052759 -0.243635 0.023451 0.162511 0.048318 -0.070684
0.081407 -0.083896 0.077846 -0.078676 0.147620 -0.095192 0.156756 -0.145173 0.153252 0.115061
0.015601 -0.142382 0.049163 -0.073124 -0.475181 -0.032580 -0.131160 -0.222603 -0.077464 -0.043133
0.130063 0.068212 0.016313 0.364616 -0.073906 0.004342 0.027799 0.178454 0.019753 -0.160193
-0.038669 0.032409 -0.075382 -0.025115 -0.068128 -0.025138 0.068340 0.187081 -0.287202 0.007302
-0.150532 -0.215655 0.374762 0.236016 0.085346 0.105301 -0.001440 0.158683 0.246275 -0.303494
0.033630 0.018881 -0.183803 -0.043783 0.142124 0.178294 0.165761 -0.034819 0.252739 -0.127445
0.059198 -0.054631 -0.228155 -0.332853 0.045820 -0.015821 0.174458 0.071864 0.338200 -0.034859
0.058869 -0.016720 0.027981 -0.143735 0.026076 -0.253893 -0.024612 0.138696 -0.082250 -0.126738
