0.058191 0.156803 -0.100198 0.341892 -0.121671 0.177754 0.005962 0.200450 -0.008033 -0.094191
0.144403 0.004331 0.137869 -0.001476 -0.184496 -0.139857 0.068044 0.117754 0.136517 0.066201
0.170491 0.048576 -0.095707 0.331552 -0.056996 -0.066998 -0.070690 0.353516 0.081806 0.021751
0.129722 0.010992 -0.207857 0.229774 0.017874 0.290933 0.213093 0.028255 0.259687 0.011824
-0.321004 -0.287873 -0.097508 -0.134540 0.137202 0.124014 0.141613 -0.284910 -0.213218 0.131815
0.150062 0.109044 -0.086120 0.136782 0.031839 -0.198492 -0.087532 0.016790 0.020639 0.102224
-0.073293 -0.008953 -0.077048 -0.076284 0.093960 -0.097795 -0.270214 0.087676 -0.120823 0.007701
-0.201670 -0.152220 -0.172113 -0.084187 0.191715 -0.089088 -0.184071 0.023117 0.166751 0.113811
-0.105007 -0.004759 0.121233 0.202495 -0.019445 0.144893 0.015223 -0.030103 0.096316 -0.147599
0.179832 -0.244747 -0.168714 -0.192507 -0.230848 -0.099458 0.315257 0.114025 -0.018080 -0.088635
-0.072020 -0.042828 0.191658 -0.012549 -0.034666 -0.022314 0.000826 0.224858 -0.162025 0.065729
-0.008765 -0.092604 -0.183663 -0.035526 -0.200022 -0.206807 -0.201125 -0.198324 -0.239290 0.065852
0.215785 -0.135540 0.007171 0.386903 0.125167 -0.125090 -0.203681 0.057542 -0.079890 0.021354
0.208944 -0.148679 0.266675 -0.346721 0.186102 -0.086433 0.063688 -0.101255 -0.051459 0.154527
0.204533 -0.141482 0.112917 -0.103372 -0.254704 0.102769 -0.110692 -0.084971 0.162405 0.047985
0.037268 -0.223622 -0.013910 -0.009467 0.214486 0.032378 -0.325891 0.190168 0.020067 0.065416
0.037754 -0.049080 -0.035770 -0.146861 -0.044089 0.143542 -0.032336 0.016690 0.043859 -0.132267
-0.076508 0.009029 -0.062047 0.082518 0.049623 -0.118305 -0.119553 0.322886 0.162610 0.050035
0.018291 0.163935 0.002168 0.257692 0.069821 -0.000102 0.069843 0.107998 -0.187564 0.086278
0.152387 0.078602 0.227848 0.175238 0.327642 0.042983 0.196167 0.036284 0.101249 0.196123
0.139284 -0.046191 -0.043257 0.040518 -0.133727 -0.044688 0.092525 -0.011998 -0.224073 0.021292
-0.197244 -0.158635 0.067250 -0.043611 0.206722 -0.111443 -0.202375 -0.033907 0.059063 -0.148043
-0.083077 -0.035768 -0.015392 -0.151853 0.088737 0.005942 -0.161238 -0.161046 -0.010145 0.075515
0.476835 0.132387 0.057913 0.189256 0.069124 0.046363 -0.068717 0.030763 0.089951 -0.042598
0.067249 -0.108663 0.070606 0.153450 0.188542 -0.114285 0.030207 0.017696 -0.046236 -0.264026
-0.081883 0.052296 -0.214146 -0.032114 -0.360999 -0.157927 0.124337 -0.048393 0.216122 0.013405
-0.110726 0.068789 0.034099 -0.049884 0.072542 0.078568 -0.096299 0.045292 -0.013700 -0.046408
0.127349 0.077293 0.062558 -0.076117 0.222142 -0.029753 -0.321510 0.043928 -0.025649 0.036724
-0.147266 -0.100764 -0.036804 -0.037032 -0.026313 0.041700 0.004174 0.194852 0.055707 -0.312318
0.281581 -0.026802 0.100964 0.172477 -0.103819 0.087089 0.073617 0.083806 0.198552 0.038259
-0.280278 0.072901 -0.333368 0.161705 -0.099630 -0.033674 -0.048994 -0.028155 0.118118 -0.007471
-0.033953 -0.006011 0.236972 0.053338 0.255814 0.121774 -0.088916 0.149060 -0.034892 -0.005726
0.148393 0.234443 0.051843 0.023912 -0.268170 -0.177928 0.234940 -0.122338 -0.031323 -0.072414
0.067277 0.015953 -0.093776 0.194792 0.005729 0.069587 0.114134 0.119441 -0.139713 -0.329432
-0.200094 -0.202163 -0.121571 0.033552 0.082341 -0.036344 0.138236 -0.035528 0.039547 -0.156597
-0.143590 -0.068353 0.151578 0.083376 0.030120 0.076200 0.183014 0.164677 0.165379 -0.012741
0.181757 0.135037 0.361200 -0.194177 0.127716 0.216500 0.118109 0.041225 0.113439 -0.138110
-0.163823 -0.042153 -0.018948 0.038921 0.080926 0.084094 -0.015394 -0.217485 0.335700 -0.050148
-0.339891 0.021473 0.015328 -0.110625 0.005551 0.192449 0.055563 0.236455 0.111171 0.264490
0.045806 0.063970 0.384338 0.125220 0.171486 -0.091018 -0.019846 -0.065924 0.077260 -0.065738
-0.005014 0.195815 -0.020060 -0.106058 0.008094 -0.029906 -0.280572 -0.054929 -0.203541 0.057260
-0.137120 -0.350211 -0.081417 -0.188470 -0.038312 0.016760 -0.055394 0.210374 -0.048045 -0.016186
0.408309 -0.251292 0.089129 0.042113 0.008484 -0.328336 -0.105217 0.194109 -0.138321 -0.090358
-0.244693 0.144472 -0.248885 0.176843 0.109328 0.099663 -0.193442 0.335179 -0.012502 -0.096645
-0.296951 0.010102 -0.065699 0.052467 -0.100312 0.254385 0.161642 -0.184387 0.041202 0.075268
0.068109 0.245514 -0.108417 -0.133567 -0.026487 0.266943 -0.298593 -0.080003 0.165800 -0.232441
0.068229 0.154902 0.018609 -0.039629 0.107880 -0.238232 -0.339055 -0.009956 0.140057 -0.054965
0.235805 -0.148140 -0.092216 0.012857 0.133043 0.045861 -0.101401 0.159494 -0.099874 0.282279
0.073038 0.107885 -0.104965 -0.085570 0.160839 0.110476 -0.097358 -0.057711 0.085503 -0.240813
0.296428 -0.192521 -0.165255 0.123798 -0.009343 -0.133053 0.044405 -0.021580 -0.111388 -0.210380
0.119088 0.062843 0.060441 0.274745 -0.102975 -0.157500 0.022727 0.314535 -0.105762 0.045738
-0.101116 -0.072806 -0.198854 -0.014870 -0.032372 -0.072697 -0.228889 0.081923 -0.022686 -0.043870
0.138451 -0.022387 0.058874 0.136078 -0.118509 0.147755 -0.151946 -0.054029 -0.124395 0.171110
0.185181 -0.224144 0.047426 0.054190 0.073522 0.017987 -0.193599 0.109970 -0.033489 0.059422
0.171099 -0.001298 -0.059493 -0.047722 0.253555 0.195045 -0.248516 -0.034931 -0.012114 -0.239284
0.044638 -0.395304 0.075777 0.042571 0.180082 0.011668 0.032918 -0.027348 0.020633 -0.030634
0.077917 0.019085 0.066310 -0.120382 0.057694 0.070687 -0.022978 0.033805 -0.251215 0.288249
0.089444 0.164327 -0.033985 -0.025295 -0.241814 0.192427 -0.301733 -0.178788 -0.043373 -0.128112
0.009267 0.239107 0.161788 -0.081083 0.109038 -0.036526 -0.129843 0.109975 0.122489 -0.013980
0.116846 -0.078522 0.000033 -0.129146 -0.191157 0.109175 0.154752 -0.200648 0.145895 -0.128306
-0.151857 0.109757 -0.049325 0.071624 0.229615 0.023871 -0.095105 -0.044735 0.003849 -0.126645
-0.203621 -0.097722 -0.057301 0.070079 0.102101 -0.029776 -0.008177 -0.037061 -0.179629 -0.037420
0.211012 -0.045453 -0.139917 -0.064717 0.103998 -0.198745 0.055574 -0.019655 -0.065160 0.056782
0.138454 0.072854 0.008622 0.074075 -0.139603 -0.103904 0.018097 -0.018947 -0.178750 -0.004874
-0.055141 -0.113296 -0.047412 -0.112461 0.041734 -0.095006 0.154825 0.158719 -0.230621 -0.038667
0.129057 -0.164335 -0.018043 -0.042238 0.119737 0.103545 0.187031 -0.084759 -0.179389 0.191900
0.029388 0.154445 -0.132280 0.063598 -0.022833 0.122902 0.200267 -0.043878 -0.048100 0.050950
0.592129 -0.200768 -0.183901 -0.035371 -0.092083 -0.068267 0.179429 0.005578 -0.191892 -0.242867
-0.007351 -0.191379 0.081107 -0.065184 -0.113561 0.201689 -0.134506 -0.210579 0.063145 -0.026631
0.127211 0.069439 0.159601 0.045144 -0.108788 0.013949 -0.191198 0.052437 -0.224310 -0.072999
-0.106334 0.084836 0.210557 -0.055610 0.259812 0.067733 0.024490 0.292753 0.384913 -0.136872
-0.043798 0.014723 -0.019255 -0.112888 0.028136 -0.258824 -0.169307 -0.069019 -0.112541 0.091213
-0.042768 -0.233902 -0.022057 -0.015084 0.098439 0.021918 -0.060533 0.211870 0.111559 -0.184284
-0.266504 -0.004222 0.097335 0.041145 -0.106819 -0.005299 0.305480 -0.214539 0.080019 0.075582
0.149813 -0.264666 -0.098788 -0.180327 -0.108825 -0.059319 -0.086822 -0.302269 -0.125306 0.144287
-0.273807 0.050630 0.078326 -0.018596 0.062964 -0.193351 -0.206370 0.053927 0.088998 -0.240976
0.194927 -0.156597 -0.266976 0.057074 0.286180 0.056589 0.111349 0.008674 0.287556 -0.020603
-0.261875 0.050843 -0.035916 0.008891 -0.234714 -0.137357 0.278469 0.004652 0.115313 0.077749
0.036095 0.074941 -0.117646 -0.171106 0.108188 0.194335 -0.075855 0.092824 -0.115620 -0.280706
0.282450 0.106386 0.162714 -0.100141 -0.392466 -0.094021 -0.116946 0.330454 -0.172551 0.119030
0.035967 -0.164654 -0.140004 -0.070953 -0.074269 -0.157352 -0.188885 -0.061317 0.109884 0.012522
0.094773 -0.186759 -0.278468 -0.113699 0.313768 0.269939 -0.176843 0.394045 -0.191996 0.046479
-0.055280 -0.006173 -0.145275 0.243605 -0.098464 -0.011076 -0.096004 -0.149885 -0.018262 0.215756
-0.185772 0.040065 0.228308 0.021376 -0.161708 -0.040507 -0.230895 -0.083966 -0.075990 -0.071580
0.091274 -0.033267 0.059884 0.243996 0.156872 -0.151236 0.201147 0.027803 0.034323 -0.019302
-0.172660 0.324485 0.034829 0.043998 0.208838 0.179400 -0.078177 0.054883 -0.086523 -0.233466
-0.027134 0.139533 0.120246 -0.066355 -0.135378 0.149392 0.179809 -0.116643 0.270645 -0.104650
0.149538 -0.080817 -0.155931 -0.025598 0.022736 0.089827 0.225269 0.132710 0.104257 0.045714
-0.096287 0.113898 -0.027774 -0.157711 0.069999 0.044561 0.022600 0.223540 0.179958 0.204406
0.154440 0.023414 -0.086817 0.240762 0.040427 0.041699 0.058138 -0.047319 0.057126 -0.249426
0.226449 0.053364 -0.146278 -0.152755 -0.169180 0.057055 0.137370 0.033135 0.205838 -0.284543
0.239422 0.286906 -0.073319 0.107451 0.114402 -0.408743 -0.081025 -0.113547 -0.009550 -0.024398
0.106993 -0.327331 -0.170293 0.079444 0.149889 0.066562 -0.178217 -0.053719 -0.053180 0.151223
0.032683 -0.021928 -0.205889 -0.014423 -0.139113 0.250691 0.238572 -0.000582 -0.134990 0.108768
-0.226999 -0.155093 -0.097813 0.059517 -0.137926 0.058910 0.061533 0.185700 0.078044 -0.135538
-0.089031 -0.046780 0.189667 -0.266899 -0.021842 0.035121 0.109317 -0.160012 -0.135713 -0.018194
-0.005101 0.008316 0.075597 0.089824 0.155025 0.035084 0.024659 -0.024849 0.476508 0.114619
-0.101268 0.036725 -0.121260 -0.290982 -0.074112 0.011820 -0.022478 0.275691 0.001427 0.147538
-0.255760 -0.157204 -0.359319 -0.281419 -0.152566 0.215316 -0.110713 -0.120973 -0.146868 0.146733
0.332607 -0.092526 -0.073579 0.196606 -0.217729 -0.016825 0.035838 0.072991 0.077947 0.286944
0.070045 0.132064 -0.039462 -0.170419 -0.178120 0.317826 0.198352 -0.241901 0.231347 -0.012965
-0.291156 -0.244895 0.307372 0.144463 0.249511 -0.161894 -0.079602 -0.166507 0.127570 -0.013563
0.135206 0.000887 0.134807 0.172380 -0.141656 0.032224 -0.225282 -0.181726 -0.106441 -0.116106
0.041544 0.011548 -0.070335 -0.142312 -0.015722 0.149227 -0.237034 0.239867 -0.146446 -0.085746
0.195802 0.027971 0.047966 -0.140891 0.026990 -0.206190 0.130845 -0.368408 -0.600744 -0.029229
0.380506 0.249269 0.063078 -0.011902 0.438904 0.036456 -0.023281 -0.001577 -0.119771 0.342376
-0.127206 -0.089477 0.186046 -0.189148 0.091320 -0.182057 -0.288975 0.141974 0.092496 0.032921
0.132572 0.017537 -0.168862 0.100426 -0.099956 -0.191542 -0.129431 -0.286906 0.010581 -0.232108
0.023150 -0.139674 0.084449 -0.053558 0.074546 0.053452 0.012077 0.120639 -0.046812 -0.119447
0.006631 0.003835 0.020060 -0.039808 0.169317 0.138562 0.028518 -0.075363 0.205749 -0.110437
0.364407 0.030944 -0.007116 0.357949 0.213286 0.162155 0.051547 0.094770 0.137436 -0.000727
0.042527 -0.015964 0.092563 0.138630 0.056964 0.161751 0.231542 -0.191646 -0.160009 0.130049
0.051029 -0.015794 0.019200 -0.374567 -0.094606 0.070750 -0.045187 0.110672 0.018471 -0.101850
-0.000593 -0.021610 -0.143741 0.158486 0.192412 0.019137 -0.149765 -0.041170 -0.180076 0.161271
-0.015126 -0.253161 -0.088360 -0.092347 0.035931 0.034275 -0.275219 0.234416 -0.000988 0.012384
0.210932 0.058703 -0.056875 -0.149011 -0.045934 -0.064977 -0.039698 0.104761 0.114208 0.178616
-0.007454 -0.072279 -0.090815 -0.124026 0.225856 -0.020292 -0.301167 0.031043 0.208616 -0.153727
0.133054 -0.114996 -0.047962 0.030647 -0.092693 -0.055513 -0.151038 0.151043 0.116732 -0.057786
-0.333862 0.158169 -0.156789 -0.000803 0.063909 -0.265027 -0.259566 0.224220 0.141229 -0.084633
0.089058 0.037378 0.159139 -0.069405 -0.031042 -0.019615 0.108738 -0.128153 -0.152790 0.227290
