0.086855 -0.124509 0.038822 -0.023579 0.238585 -0.137595 0.156198 0.010360 0.082609 0.168662
0.073869 -0.029669 -0.027979 -0.079988 -0.052683 0.157965 -0.026411 0.060477 -0.031160 0.024242
-0.117680 0.185029 0.002206 0.316300 0.073295 -0.068034 -0.164893 0.131897 -0.108514 0.043099
-0.037510 -0.086250 0.003346 0.248976 0.129016 -0.165394 0.132508 -0.271967 -0.008783 -0.001869
-0.359128 0.089733 -0.071756 0.173011 -0.051617 0.001811 0.094349 -0.124568 0.288604 -0.211035
0.281532 0.179287 0.005742 -0.049392 -0.501392 -0.204183 -0.251105 -0.136514 -0.046465 -0.181196
-0.144041 -0.098949 0.014404 -0.170953 0.056550 -0.190111 -0.151351 0.041521 -0.295854 0.111293
0.248274 -0.045674 0.343431 0.103603 -0.168550 -0.133101 0.069032 -0.255894 -0.036515 0.025387
0.122174 0.045239 0.211563 0.012334 -0.126371 -0.141047 -0.149461 0.381838 0.085299 -0.092553
0.034506 -0.113097 -0.104311 -0.130625 -0.134509 0.005340 0.200095 -0.094391 -0.097486 0.059029
-0.046529 -0.193199 0.116545 0.063814 0.236671 0.073514 0.212774 0.096884 0.031034 0.048701
0.240423 0.150315 0.148314 0.107278 0.098553 0.161444 -0.065455 -0.031538 0.059009 -0.011772
0.113021 0.231018 -0.090227 -0.097129 -0.064892 0.055879 0.196072 -0.179192 0.070950 0.116272
0.203587 0.052406 -0.108683 -0.123587 -0.090561 -0.112831 0.155669 -0.053606 -0.159666 -0.274711
0.011490 -0.014663 0.153310 0.069920 0.079034 0.001825 0.095537 -0.184054 -0.230201 -0.179384
0.031877 0.037416 -0.052998 -0.116235 0.078091 -0.012299 -0.149728 -0.088172 0.040708 -0.100610
-0.081071 0.087306 -0.082571 -0.480365 -0.051236 -0.008437 0.081537 0.315920 0.175458 -0.069368
-0.246083 -0.176560 0.212731 -0.066647 0.066225 0.151540 0.008258 -0.118049 -0.097490 0.022397
-0.031491 0.091491 0.047388 -0.353435 0.093652 0.118310 -0.066982 -0.057486 0.161530 0.099572
0.116586 0.014007 0.093529 0.010637 -0.177026 -0.079840 0.075555 0.170272 0.305788 0.020869
-0.061002 0.042199 -0.064801 -0.049921 0.063940 -0.280131 0.082855 0.254336 0.126350 0.076960
-0.153168 0.083358 -0.057045 0.279811 0.016679 -0.004182 -0.193315 -0.359059 0.055887 0.025765
0.104889 0.047425 0.096457 -0.187773 0.023072 0.147934 -0.025976 0.177077 0.109189 -0.071194
-0.127276 0.113795 0.031507 0.238514 0.124919 -0.082745 -0.127627 -0.042040 0.074199 -0.255644
-0.224216 -0.209619 -0.265111 -0.074510 -0.389255 0.067654 -0.098910 0.025040 0.039116 -0.136057
0.018362 -0.123064 0.017479 0.136196 0.050548 -0.217251 0.037156 -0.029736 -0.112998 0.151096
0.134446 0.056074 0.248227 -0.198567 0.049750 0.127538 0.005288 0.287374 -0.178197 0.238669
0.176293 0.010259 -0.125451 0.008348 0.138616 -0.053174 0.096373 0.092877 0.011126 0.020831
-0.051492 0.307390 0.202033 -0.092547 -0.083291 0.148707 0.070246 0.011218 0.036660 0.003125
0.059871 0.172164 -0.213845 -0.036579 0.290351 0.142909 0.062847 0.181907 -0.068378 0.152172
-0.101750 0.065074 -0.019026 0.088461 -0.340688 -0.092316 0.347892 -0.284965 0.146636 0.045362
0.044026 0.039001 -0.009976 0.045946 0.109243 -0.161290 0.219127 -0.052668 -0.033604 0.208093
0.080416 -0.173261 0.038029 -0.061928 0.165772 -0.232996 0.051331 0.335979 -0.189316 -0.190611
-0.055694 -0.125500 -0.142014 -0.050515 -0.079674 0.619525 -0.101573 -0.260927 0.003513 0.098169
0.450860 0.141948 -0.376930 0.140491 -0.052611 0.326975 0.062672 -0.195157 -0.163615 0.166518
0.038016 -0.066999 -0.134271 -0.131977 -0.041866 0.085173 -0.065270 0.147069 0.077375 0.105120
0.042124 -0.025433 -0.005670 -0.076939 0.202798 -0.113413 0.125009 0.097514 0.011460 -0.123770
0.080004 -0.207416 -0.181454 -0.038781 0.321662 -0.066888 -0.058984 -0.183301 -0.068866 0.011956
-0.012623 -0.203791 0.106612 -0.366129 -0.199141 -0.070795 0.270658 -0.083000 0.131273 -0.100525
0.263179 0.296568 0.102051 0.007633 -0.009938 0.029247 -0.009713 -0.010063 0.136134 -0.090967
-0.159108 0.253167 -0.203926 0.311839 -0.148885 -0.072552 -0.347476 -0.167650 -0.036693 -0.019334
0.011032 -0.041535 0.046323 0.116280 -0.004448 -0.093191 0.055070 0.060653 0.151495 -0.261105
0.106136 -0.053004 0.123309 -0.264005 0.196970 -0.334793 0.015747 0.069462 -0.250672 -0.017716
0.002121 -0.016975 -0.012014 -0.061764 0.295477 -0.185645 0.153682 -0.104170 -0.206536 0.182549
-0.016597 0.142406 0.055615 0.316891 -0.209051 0.041870 -0.252433 -0.211580 0.355583 -0.110176
-0.219897 0.004950 -0.111219 0.215559 0.057554 0.112426 0.375416 0.027149 0.007592 -0.175116
-0.010887 -0.229361 0.073012 0.025012 -0.092052 -0.059756 0.056758 -0.051026 -0.087081 -0.070787
0.143285 -0.077985 -0.053553 -0.078512 -0.156997 0.283941 -0.117797 -0.040910 0.198190 -0.129813
0.002332 0.178128 -0.156625 -0.132337 -0.332665 0.047534 0.001514 -0.080568 -0.045099 -0.259234
-0.159298 -0.045838 -0.226239 -0.034655 0.134909 0.123342 -0.014735 -0.348441 -0.205821 -0.320983
0.006143 -0.125151 0.303304 -0.148297 0.313625 0.009493 -0.081558 0.261417 -0.511255 0.070904
-0.341057 0.078676 -0.010485 0.022928 -0.006774 0.146862 -0.380239 -0.142481 0.026426 -0.178307
0.224304 0.118876 -0.026467 0.195061 -0.103283 -0.094661 -0.119946 0.108227 0.188432 0.275173
0.010612 0.110027 0.260048 -0.076133 -0.080817 0.312384 -0.061581 0.189624 -0.057463 0.325831
0.237716 0.095006 -0.127060 0.070925 -0.204296 -0.109582 -0.121289 0.021114 0.456013 -0.159643
0.146477 -0.301461 -0.209991 0.150892 -0.211456 0.205398 -0.065792 -0.043147 -0.083022 -0.014407
-0.165325 -0.128939 -0.228208 -0.246082 -0.283213 -0.083290 0.155889 -0.188431 0.177107 -0.321120
0.031906 -0.040808 -0.290492 0.099916 0.009916 -0.030356 -0.026394 -0.175347 -0.193509 -0.204252
-0.027988 -0.114262 0.098321 0.117407 0.283415 -0.155977 -0.070139 0.074260 0.105063 -0.125078
0.195250 0.043420 0.181518 -0.238751 0.093896 -0.048677 0.167364 0.484514 0.055119 0.155022
0.084282 0.318091 0.113281 0.003096 0.070344 -0.006410 -0.029531 -0.266800 -0.057684 -0.001300
0.004954 -0.100365 0.063657 0.044242 -0.076245 -0.116998 0.081799 -0.163824 0.033850 0.008958
0.046189 0.177645 0.114573 -0.117120 -0.026504 0.021251 -0.306047 -0.208887 0.198155 -0.192813
0.227189 0.018566 -0.050859 0.190056 -0.021297 0.019570 0.072534 -0.293256 0.054878 0.192981
-0.009349 0.128149 -0.016818 -0.037289 0.022127 -0.045381 0.137861 0.176979 0.084446 0.095089
-0.293815 -0.242193 0.210683 0.225965 0.247884 -0.119480 -0.135008 0.166356 0.072670 0.066732
0.144389 0.021309 -0.070154 0.089067 0.135408 -0.034841 -0.004597 -0.112352 0.055502 0.157730
0.135656 -0.383768 0.328889 -0.004983 0.071049 0.016969 -0.028147 -0.035555 0.008793 -0.017601
-0.115381 0.077008 0.045964 0.346480 -0.089189 0.140007 -0.261984 -0.026223 0.136649 0.172721
0.006306 0.099007 0.055696 0.005515 0.199975 -0.342757 -0.093555 0.066915 0.154869 -0.111248
0.058267 0.160829 -0.203763 -0.061063 0.030768 0.331359 -0.139027 -0.137720 -0.164373 0.017597
-0.115954 0.192675 -0.209586 -0.136535 -0.180729 -0.080412 0.029785 -0.211023 -0.165834 0.061313
0.075223 -0.274385 0.072816 -0.151442 0.190634 0.187316 0.247026 0.019405 -0.074708 0.481915
0.330988 -0.233010 -0.215456 -0.220851 0.063117 -0.107911 0.085742 0.070479 -0.225463 -0.006712
0.000681 -0.052511 -0.225881 0.127378 0.165483 -0.157832 0.020628 0.094236 -0.101401 -0.060743
0.045775 -0.079712 -0.004172 -0.227431 -0.074526 -0.259833 0.067133 0.006399 -0.058743 -0.107934
-0.104811 -0.066957 -0.237837 0.017541 0.376292 -0.192042 -0.021382 -0.093583 -0.318209 -0.035615
0.259457 -0.002021 0.181826 0.106669 0.286646 -0.080780 0.095055 -0.134550 0.112599 0.072938
-0.025692 0.126405 0.187442 -0.066150 0.131482 0.054698 -0.409428 0.319314 0.018355 0.126135
-0.155485 -0.260797 -0.019947 -0.105334 -0.048909 0.090381 -0.246480 0.108787 0.171237 -0.290105
0.210017 0.135486 0.034965 -0.211545 0.136787 0.340838 0.072551 -0.083303 -0.024733 0.023041
-0.139390 -0.048142 -0.183466 -0.058958 -0.318165 -0.460692 0.153576 0.009383 0.000554 -0.123560
-0.222200 -0.305339 0.079394 -0.165201 -0.149856 0.053404 0.095743 0.374290 -0.240559 -0.191107
-0.018644 -0.000457 0.065581 0.119585 -0.027681 -0.100345 0.123595 -0.098748 0.104895 -0.008337
-0.056767 -0.077920 0.043613 0.330382 -0.007846 -0.182470 0.067683 0.093612 0.029426 -0.001540
0.251324 0.292024 -0.006417 0.098705 0.179525 0.039734 -0.037346 -0.072903 0.027331 0.095483
0.092485 -0.122143 -0.030114 0.173696 -0.307153 -0.437123 0.194526 0.142758 -0.022644 0.250035
0.213454 -0.188132 0.170221 -0.031478 -0.138091 0.240478 0.002155 -0.010715 0.085848 0.257083
-0.241580 0.237608 0.172572 0.036896 -0.170577 -0.243060 -0.117770 -0.406275 0.084438 0.090882
-0.100502 -0.127958 0.104014 0.110028 0.019860 0.088439 0.130177 0.062849 -0.350437 -0.181947
-0.020882 -0.014378 -0.209291 -0.066394 -0.070991 -0.111852 0.076678 0.209853 -0.019855 -0.309608
-0.081583 0.121709 0.079393 0.068121 -0.025207 -0.356479 -0.368129 -0.026654 -0.056222 0.244774
0.008511 -0.044157 0.039583 0.062638 -0.391031 -0.140094 -0.110686 0.104554 0.184235 0.191459
0.289858 0.174723 0.075215 0.159902 -0.049881 0.138405 -0.170306 -0.082109 0.003943 0.002620
0.009688 0.084775 -0.057585 -0.027360 0.142245 -0.217981 0.272845 -0.050339 -0.165617 0.104214
0.169217 -0.038252 0.174519 -0.029843 -0.212056 -0.133221 -0.210070 -0.122406 -0.130683 0.112963
-0.045732 -0.052769 0.268944 0.188292 -0.273864 -0.150372 0.150772 -0.035592 -0.160631 0.056509
0.152753 -0.091277 -0.004220 -0.130022 0.238069 0.183226 -0.249836 -0.087352 0.083607 -0.050329
-0.133409 0.157202 0.001666 0.034411 0.044033 -0.119719 0.044949 0.173374 0.102710 0.093764
0.200016 -0.130979 0.247748 0.166292 -0.172491 -0.022285 0.380424 0.085692 0.084850 0.157740
-0.138843 0.059594 0.108668 0.229782 0.316154 0.032892 -0.100894 0.017198 -0.039943 0.281337
-0.372903 0.123721 0.092533 -0.064295 -0.120325 -0.003855 0.059690 0.255786 0.246436 -0.048731
-0.153040 0.249819 -0.237451 -0.175571 0.180640 0.135810 0.041091 0.031554 0.071091 0.038719
-0.053783 0.185667 -0.300525 -0.128606 -0.154335 0.156424 0.056621 -0.049756 0.297550 -0.105256
0.003183 -0.156231 0.005468 -0.077855 0.162596 0.055699 -0.200873 0.236607 -0.101942 -0.088299
-0.144824 0.151200 -0.254338 0.074608 -0.207946 0.060084 0.220709 0.190791 -0.121927 0.079930
-0.214477 -0.139158 -0.163413 -0.059978 -0.209536 -0.224492 0.000590 0.020538 0.193983 0.236178
0.150893 0.368822 -0.186868 0.134985 0.012187 -0.129885 0.257627 -0.378898 -0.001968 0.200919
0.157925 0.095868 -0.129662 -0.206060 0.110726 0.118069 0.021044 0.126950 0.198898 0.066838
-0.184485 0.040115 0.153844 -0.003898 -0.379688 0.321209 -0.106711 -0.160661 -0.189389 0.133976
0.178702 0.240139 0.481866 -0.253597 0.024155 0.229517 0.169598 0.127331 -0.112211 -0.013131
0.160865 -0.255776 0.246564 0.049039 -0.256620 0.245851 0.198899 0.070565 0.242969 -0.098888
-0.109303 0.013899 0.042875 -0.020207 -0.098201 -0.123841 -0.060796 0.071339 0.253177 0.030894
0.058664 0.230775 0.144269 0.090177 -0.156582 -0.086326 -0.090519 0.361551 0.187464 0.103614
0.222210 -0.091245 -0.016455 0.047221 0.378067 -0.159846 -0.093652 -0.323844 -0.078291 -0.026672
-0.051368 0.117458 0.362191 -0.386728 0.333512 -0.200442 -0.154518 -0.075092 0.328247 0.193142
-0.049343 -0.056896 -0.056442 0.043395 0.052759 -0.078205 -0.251830 -0.168333 -0.074887 0.038880
-0.212130 0.355429 0.190518 -0.092980 0.253017 0.239544 -0.252873 -0.007395 -0.213456 0.071869
0.120851 0.169782 0.236803 -0.089824 -0.115131 -0.114202 0.011162 -0.028624 -0.332568 -0.413720
-0.140186 0.045293 0.025501 0.272555 -0.104490 -0.289123 -0.125478 -0.106101 0.177631 -0.111720
0.021569 -0.199289 0.325001 -0.227249 0.175622 0.220743 -0.059402 0.048871 0.197348 0.200539
-0.033585 -0.119581 0.030167 -0.295961 0.091832 0.088021 0.225778 -0.006558 -0.111413 -0.122510
-0.084308 0.153740 -0.226688 0.017414 -0.111709 0.017319 -0.079679 -0.031360 -0.237952 -0.299962
0.232614 0.272912 -0.136302 -0.006122 -0.124141 0.214042 0.094832 0.038209 0.142918 0.179165
-0.053952 -0.210493 -0.217574 -0.219408 -0.185059 0.264232 0.203126 0.016718 0.035906 0.011578
0.253464 -0.100076 -0.204941 -0.227841 -0.034832 -0.130311 0.089555 -0.029731 0.267695 -0.288351
0.087239 -0.214775 0.253361 -0.143776 0.086717 -0.245030 -0.230819 0.065489 0.384070 0.062892
-0.130228 -0.226661 -0.118078 0.186949 -0.016105 0.471769 -0.013876 0.289653 0.209256 0.003332
-0.132540 0.029237 0.045931 -0.108048 0.100387 -0.033437 0.021130 0.221223 0.035898 -0.139920
-0.267185 -0.159867 0.098773 0.099007 -0.103477 0.325159 -0.017561 0.034519 -0.262143 -0.219535
0.018259 0.245365 0.011672 0.023349 -0.261575 -0.085729 -0.115952 0.186260 -0.275678 -0.024098
-0.024571 0.212903 0.042597 -0.066066 -0.058163 -0.204649 -0.007580 0.132055 0.142445 0.143880
-0.152652 -0.270605 -0.049586 0.036078 0.051994 -0.081826 0.039993 0.188343 0.152163 -0.187286
-0.175293 0.222826 0.060164 -0.117349 -0.058458 -0.155304 -0.210215 -0.401442 -0.377232 -0.143865
0.045618 -0.035645 -0.093277 -0.068287 -0.153117 0.174167 0.097249 0.136439 0.026491 -0.193388
-0.005133 -0.044363 -0.134845 0.246254 0.127395 0.149911 -0.043504 0.250538 -0.170790 -0.147433
-0.155811 0.008023 0.217008 0.220126 -0.305609 0.148151 0.192338 0.137056 0.144278 -0.027959
0.146705 0.216490 -0.068603 0.286657 0.122633 -0.028213 0.034924 -0.210333 0.211502 0.014461
0.054130 0.085003 -0.120710 0.151958 -0.078946 0.076368 -0.062302 -0.226044 -0.143377 0.105964
-0.270657 -0.001992 0.271333 0.044304 0.163403 -0.103388 -0.018782 0.051184 -0.279967 -0.136137
-0.158787 0.055132 0.079681 0.170328 0.002641 -0.085623 0.060149 -0.327950 -0.027326 0.017122
0.121978 0.071098 0.100105 -0.039516 0.123588 -0.018751 0.332601 -0.007545 0.046135 0.192242
0.082481 -0.249425 0.001224 -0.077505 0.063295 -0.025037 0.142369 -0.086726 -0.056980 -0.031322
0.010980 -0.099713 -0.070965 -0.251184 -0.214219 -0.248350 0.449459 -0.093351 0.147146 -0.206979
0.040086 -0.033872 0.052694 -0.122713 -0.014092 0.034906 0.306777 0.145490 -0.183940 0.082396
0.182788 -0.015410 -0.039940 0.228549 -0.057395 0.161960 -0.207009 0.000338 0.093957 -0.098290
0.152599 -0.016251 0.005763 0.094490 0.215306 -0.237417 0.200714 -0.188728 -0.237508 -0.155264
-0.222481 0.120109 0.193715 0.182507 0.130201 -0.201105 -0.156832 0.060673 0.142914 -0.062655
-0.045359 -0.203083 0.474112 0.119778 0.015539 -0.079569 0.207267 -0.313838 0.092912 0.130220
0.020096 -0.011148 -0.109344 0.051448 -0.051297 -0.041580 -0.005416 -0.003157 0.144750 0.241846
0.356019 -0.133375 -0.140168 -0.194323 0.198213 0.275973 -0.182467 0.106502 0.147573 -0.252201
0.123988 0.310344 0.300373 -0.028871 -0.186063 -0.075456 0.104996 -0.145958 0.170901 0.345763
-0.022002 -0.129950 0.055586 0.125576 0.155631 -0.016337 -0.242986 0.073519 -0.097277 0.067805
0.164783 -0.015703 -0.104748 -0.057143 0.089197 0.005325 0.114286 0.264629 -0.128792 0.051986
-0.132563 -0.276983 -0.005991 0.029148 -0.306135 -0.025435 0.059102 -0.198563 0.108301 0.018272
0.100672 -0.262839 0.068627 -0.089973 0.101263 0.208761 -0.061219 0.075197 -0.317184 0.182394
0.266941 0.081696 0.022284 0.018584 -0.024400 0.126738 0.061714 -0.050168 0.172424 -0.257740
-0.336172 0.053135 0.015359 -0.055969 -0.015496 -0.064821 -0.392833 0.070531 -0.030016 0.205227
0.071248 -0.066654 -0.151655 0.299332 -0.308272 0.244166 -0.005684 -0.172814 -0.052389 -0.065892
0.195495 -0.014536 -0.003118 -0.112953 0.084204 -0.161992 -0.130245 -0.160787 -0.152696 -0.002006
