1.228627
-0.401289
-0.039489
0.059588
0.447298
0.310662
0.470072
-0.432448
0.382369
-0.485862
-0.479623
-0.337092
-0.055618
0.188480
0.654623
-0.609541
0.937427
0.739152
-0.015762
-0.160264
0.544352
-0.937101
1.160721
-0.513935
-0.923307
-0.196874
0.362849
-0.177519
0.867909
-0.238168
-0.047342
0.250322
0.291963
0.307489
-1.014573
0.049654
1.098158
-0.071649
0.166542
-0.989773
-0.083171
1.099614
-0.099784
-0.127906
0.435549
0.020806
-0.786343
0.080327
-0.743494
0.798784
-0.285428
0.635143
0.206481
-0.128523
-0.139706
0.000297
-0.542512
-0.168663
0.306725
0.589669
-0.645463
0.242276
0.090886
0.473593
0.791199
-1.076789
0.641893
0.067717
-0.062765
0.670621
0.660373
0.379171
-0.729153
-0.389266
0.174003
-0.705068
0.319908
-0.639249
-0.117720
0.139574
-0.493707
0.519015
-0.071105
-0.310193
-0.511242
-0.390685
0.039117
0.227512
-0.412034
-0.190624
0.480695
-0.546853
0.763912
-0.444295
0.163843
-0.601220
-0.869480
0.153015
-0.692975
-0.199336
-0.650835
0.512542
-0.246655
0.190685
-0.646641
0.004561
-0.412391
1.256374
-1.060548
-0.271585
-0.204848
0.353258
0.791346
1.162767
0.491643
0.685137
-0.409114
0.469046
0.100444
0.158429
-1.066606
0.253338
-0.465966
-0.670506
-0.104837
0.178733
0.441615
-0.170160
-0.373275
0.242615
0.082125
-0.051692
0.333484
0.043919
0.160989
-0.965756
0.429581
-0.520903
0.058027
0.682397
-0.491953
-0.387305
-0.601372
-0.618098
0.900494
-0.211477
-0.008873
-0.681574
0.615198
0.729421
0.202183
-0.435418
-0.446895
-0.192393
-0.410745
0.885508
0.589555
-0.403827
0.430070
-0.110059
