-0.107742 0.034900 -0.100991 -0.172080 0.077342 0.195281 -0.097032 -0.209503 0.082487 -0.085257
-0.152368 -0.061033 -0.226509 0.067879 0.265078 -0.000884 -0.115250 0.108531 0.025234 -0.122963
0.123243 0.095781 0.237818 -0.131411 0.132283 0.111996 -0.111305 -0.176892 0.164047 -0.175727
0.089334 -0.097171 -0.178797 0.176133 -0.040443 0.040698 0.112279 0.173913 -0.132511 -0.008124
-0.031800 -0.059814 -0.198788 0.115800 0.218530 -0.080643 -0.003139 0.191117 0.128640 0.315563
0.152599 0.197169 0.153603 0.151805 -0.199663 -0.201291 -0.131350 0.179748 0.009364 0.158684
-0.277421 0.096543 0.108600 -0.086384 0.094381 -0.035139 0.038855 -0.308429 0.193136 0.143996
-0.113274 0.139531 0.079309 0.389289 0.000514 0.278001 0.240015 -0.068588 0.156810 0.120573
-0.137741 -0.068159 0.112672 -0.197389 -0.131569 -0.164763 0.229019 -0.133571 0.048846 -0.050770
0.105520 0.340595 -0.187045 0.000956 0.238203 -0.004210 -0.015092 0.109228 0.218096 -0.306240
-0.325406 -0.008677 -0.151331 -0.168425 0.014955 0.136600 -0.294777 -0.076611 0.029867 0.252806
-0.125032 -0.165773 -0.230545 0.043410 0.042271 0.009542 -0.240567 -0.142464 0.112855 0.038264
-0.111888 -0.049540 0.257432 0.039757 -0.008375 -0.001224 -0.175386 -0.122503 0.355716 0.239255
0.134888 -0.077660 -0.069473 0.010395 -0.167786 -0.084512 -0.034759 0.064639 -0.054650 -0.104617
-0.008333 -0.169623 -0.060665 0.224152 -0.076245 0.018827 0.329668 -0.277825 -0.079597 0.053756
0.072469 0.148536 0.014255 -0.265945 -0.245780 -0.024478 -0.170761 0.050027 0.069818 0.048618
