-0.090559 0.068030 0.010837 0.007351 0.223822 -0.206311 -0.173215 0.175283 0.043871 -0.136194
0.116894 -0.044446 -0.064477 0.201849 -0.127993 0.125381 -0.172076 -0.005957 0.063980 0.151310
0.099307 -0.159830 0.095125 0.084588 -0.142371 0.092615 -0.043692 0.064130 0.212565 0.001868
-0.214184 -0.229044 0.004970 0.178385 0.099687 0.052544 -0.039761 0.262595 0.204903 0.051893
-0.013802 -0.194051 0.072860 0.126880 0.304718 -0.275041 -0.364287 0.130343 0.033244 -0.111928
0.240865 0.028308 0.095359 0.076765 0.175791 -0.053783 -0.187594 -0.120771 0.193052 -0.187730
0.029904 0.095054 0.102191 -0.103088 -0.200293 0.089295 0.150774 -0.104215 0.034563 -0.001278
0.007555 0.161375 -0.033441 -0.072770 0.277345 -0.108207 0.176731 -0.098889 -0.139926 0.091439
-0.072771 0.210224 -0.072841 0.019532 -0.098644 -0.097622 0.184949 -0.198517 0.071032 0.022078
-0.010588 -0.005041 -0.188774 0.269286 -0.185937 -0.158801 0.394107 0.001673 -0.236720 -0.113614
-0.117445 -0.161401 0.105580 0.141731 0.252343 0.033483 -0.047902 0.130880 -0.123789 0.318588
0.099523 0.083061 0.023342 0.172166 -0.060986 0.253613 -0.238745 0.013655 -0.003203 0.126817
0.174142 -0.284087 -0.159109 0.073986 -0.146326 -0.210574 0.000352 -0.253565 0.013697 0.187184
-0.036810 0.021089 0.026769 0.151582 -0.104717 -0.049810 0.021273 0.230952 -0.065905 0.014589
-0.096413 -0.280066 0.188715 0.170091 0.240495 0.080499 -0.021629 0.057926 -0.346878 -0.035773
0.021759 -0.183193 -0.028762 -0.178680 0.051543 -0.213978 0.203287 -0.159033 -0.075011 -0.118070
-0.189897 -0.129767 -0.229027 0.095522 0.143885 0.064775 -0.136493 0.015315 -0.148303 -0.080881
0.076766 0.036402 -0.143416 0.018140 -0.062741 0.118078 0.129164 0.120045 -0.148444 -0.402099
0.059733 -0.174549 -0.066709 0.083818 -0.033176 -0.174039 0.157992 -0.211539 -0.073227 0.180769
-0.031562 0.037889 -0.020581 -0.168281 -0.066814 -0.091960 -0.282126 0.180401 -0.016084 -0.222303
0.115370 0.048767 0.132033 -0.100848 -0.156510 0.076355 -0.149223 -0.051850 -0.104279 -0.195677
0.140794 -0.096425 -0.256520 0.038604 0.015508 -0.053310 0.229296 0.055518 0.059916 0.056593
0.261414 0.149257 -0.061728 0.072429 0.165520 -0.152544 0.135411 0.059449 0.164718 -0.341111
-0.088243 -0.150479 -0.001645 -0.029545 -0.023056 0.066423 -0.142111 -0.022684 0.259369 0.012587
-0.064457 -0.215060 0.192362 0.100805 0.038049 0.421366 -0.140825 0.125293 0.005759 -0.007156
-0.136288 -0.212894 -0.227534 -0.090746 0.101411 -0.113641 -0.479531 -0.061142 0.237724 0.189142
-0.041748 0.096457 -0.164955 -0.126388 -0.052006 0.131967 -0.020529 0.094453 0.092176 0.083746
0.016743 -0.037428 -0.313076 0.490547 0.165724 0.002240 -0.189110 -0.029444 -0.020408 -0.072331
-0.221340 0.052090 0.034705 -0.028251 0.389813 0.246165 -0.079729 0.162573 0.008070 -0.005311
-0.123778 -0.086098 -0.081801 0.065163 0.018458 -0.193285 -0.100331 -0.051259 -0.105789 0.023839
-0.076457 0.085521 0.133958 0.028010 -0.027412 -0.008297 -0.308519 0.174300 -0.188342 -0.127921
0.088547 -0.112432 -0.231275 -0.290825 0.146244 -0.039611 -0.021641 0.175223 0.003459 0.410266
0.032785 0.006484 -0.329773 -0.266062 -0.000804 0.180229 -0.008556 -0.007151 0.247853 0.044269
-0.011984 -0.033904 0.032191 -0.025221 0.117021 -0.156184 0.189532 -0.156110 -0.014632 -0.094071
-0.033898 0.028804 -0.220147 0.045053 0.122117 -0.008368 0.163852 -0.141526 -0.225939 -0.083237
0.266863 0.173980 0.059311 -0.070245 -0.247718 0.138483 0.121552 -0.099865 -0.008454 -0.097813
0.137201 0.121025 -0.079648 -0.272850 -0.048501 0.281629 0.002079 -0.001850 0.073512 -0.131910
0.107578 -0.039208 -0.176902 -0.035570 -0.224729 0.289443 -0.278873 -0.411124 -0.224115 0.050998
0.234258 -0.076889 -0.070498 0.035653 0.261647 -0.039020 0.278831 -0.204253 -0.142865 0.067238
-0.115583 -0.277548 -0.010084 0.087253 0.161385 -0.016488 0.016759 0.175579 -0.245020 0.154198
0.211046 0.384027 0.262788 0.249110 0.122766 0.236069 -0.100668 -0.180140 0.256911 -0.132739
-0.171390 0.001291 -0.111778 -0.284546 -0.160179 0.214023 0.354442 0.438389 -0.181391 -0.152735
0.051791 0.109488 -0.019359 -0.000895 0.023815 -0.138491 -0.090012 -0.041952 -0.083782 -0.135882
-0.240515 0.261221 0.049643 -0.159515 0.168717 0.039460 -0.086489 -0.050368 -0.194199 -0.249362
-0.036368 0.274185 -0.040216 0.156663 0.124697 -0.037408 0.127804 0.218281 0.082309 0.171717
-0.104081 0.215930 -0.240369 -0.002512 0.295669 -0.215548 0.118824 -0.154125 -0.172873 -0.064447
0.066463 0.017242 -0.025111 -0.110340 -0.084556 -0.045608 0.096985 0.114982 0.193667 0.100045
0.168273 0.143593 -0.108657 -0.210826 -0.180376 -0.103392 0.204362 -0.395395 -0.098002 -0.124001
0.383234 0.032293 -0.059747 -0.057713 -0.029681 -0.079241 -0.103189 0.029607 0.310713 0.054912
0.276445 0.108301 -0.150563 0.171470 0.062356 0.238560 0.125568 -0.106275 0.003644 -0.024616
0.204083 0.098344 -0.256634 0.057148 0.027240 0.167613 -0.165449 -0.078492 0.245433 -0.036825
-0.126066 -0.166986 -0.140816 0.238050 -0.157887 -0.002951 -0.099602 0.381031 -0.163835 -0.008299
-0.055711 0.111045 0.316453 -0.030593 0.010832 -0.263697 -0.147927 -0.124951 0.149846 0.110263
0.099715 0.018980 -0.236690 0.206047 0.082822 0.246527 -0.215727 0.107804 -0.165001 -0.034804
0.281192 0.254826 -0.459769 -0.078991 -0.064008 -0.104764 -0.117076 -0.122975 -0.261649 -0.085358
-0.014636 0.152456 0.125995 0.217382 -0.122883 -0.078656 0.196096 -0.298644 -0.124703 0.104137
0.112605 -0.324283 -0.006887 -0.121150 0.065408 -0.049675 0.293250 0.090706 -0.058496 0.167362
-0.010380 -0.107768 0.120060 -0.098664 -0.014195 -0.138805 0.164118 -0.363857 -0.065194 0.088878
0.205057 -0.222253 0.042342 0.044293 -0.067677 0.109415 0.026695 -0.023950 0.183136 -0.012849
-0.100833 -0.053386 0.022588 -0.323738 -0.181402 0.286795 0.063957 0.291334 0.053338 0.195023
-0.081963 0.222689 0.144075 -0.033191 -0.105376 -0.057151 -0.242217 -0.174262 -0.010592 0.345052
0.028591 0.132528 -0.073607 -0.147082 -0.111682 -0.209938 0.176640 0.054017 -0.103601 0.067206
0.393972 -0.041365 -0.001742 -0.009083 -0.138423 0.068333 0.091365 -0.164280 0.106166 -0.224132
-0.265650 -0.177812 -0.088499 -0.072128 -0.253362 -0.117701 0.056080 -0.007522 0.091981 -0.108280
0.290906 0.089944 0.114950 -0.092561 -0.003249 0.022155 -0.129101 -0.073823 0.030603 -0.111586
0.095391 -0.054912 0.145960 0.045701 0.138450 -0.058739 0.214631 -0.117831 0.054650 0.012365
0.031506 -0.137130 -0.077942 -0.076608 -0.314182 0.140302 0.043901 -0.085082 0.146507 0.084386
0.000317 0.238984 0.231893 0.047580 -0.359183 0.287083 0.074762 0.043877 -0.208509 0.000005
-0.077199 0.103414 -0.097863 0.073587 -0.039212 0.284217 -0.107259 0.250837 0.305070 0.021839
-0.272057 -0.175589 0.128518 -0.219076 0.227086 -0.213035 -0.022166 0.237037 0.102148 0.015914
0.052703 0.227485 0.039722 0.037473 -0.096646 0.051696 0.171547 -0.175680 -0.035448 -0.052932
-0.322504 -0.300007 0.012876 -0.003914 0.073023 0.043193 -0.092317 0.015779 0.205678 0.071573
0.215093 -0.142347 0.189699 0.118457 -0.026480 0.245260 -0.272173 0.020030 0.058942 -0.143462
-0.132219 0.020869 0.130310 -0.172630 -0.011242 -0.190509 0.049258 0.029354 0.091429 -0.056717
0.143892 -0.163335 -0.231587 -0.116907 -0.042349 0.055544 0.272560 0.159988 0.169091 -0.198401
0.172805 0.089976 -0.022271 -0.138055 -0.141663 0.124972 -0.186376 0.023712 0.035816 0.299084
0.239613 -0.051992 -0.308924 0.038887 0.226118 -0.077635 -0.204901 -0.043883 -0.186587 0.033674
0.056329 -0.170299 -0.101910 -0.107640 0.067670 0.062819 0.047010 0.213582 -0.115922 -0.106362
0.161167 -0.184637 0.059800 0.108775 -0.010723 -0.066897 0.014496 0.420815 0.402217 0.100233
-0.002260 0.003312 0.110820 -0.122333 -0.064808 0.072752 -0.141565 -0.079846 0.141038 -0.060785
-0.017105 0.027733 0.064790 -0.085246 -0.096787 -0.196356 -0.186523 0.128821 -0.329605 -0.136115
-0.144423 0.056099 0.000996 -0.104793 0.071858 -0.146375 0.106251 0.046380 -0.058353 -0.128961
0.054560 -0.187938 -0.243668 0.223154 0.309863 0.136572 0.092753 -0.269533 0.053103 -0.020969
-0.026522 0.229308 -0.177196 -0.049645 -0.022646 -0.018538 -0.111770 0.167822 -0.031175 -0.108331
0.062230 -0.133809 -0.125963 0.063395 -0.103263 0.041022 0.039970 0.065061 -0.137691 -0.354752
-0.017575 0.110287 -0.039187 0.128934 0.133186 0.000618 -0.183026 -0.226610 -0.045176 -0.022461
0.162356 0.315552 0.050090 0.020998 -0.005106 0.280453 -0.161193 0.139926 0.008243 0.192850
-0.108514 -0.095387 0.225512 -0.092915 -0.247840 -0.103429 0.163200 0.012373 -0.129655 0.162252
-0.324836 -0.348558 0.107636 -0.331780 -0.012036 -0.013183 0.014943 -0.300207 -0.000370 0.120520
0.106876 0.190293 -0.012489 0.111179 0.109982 -0.217248 0.068955 -0.260504 -0.046760 -0.076880
0.119694 0.022346 -0.124357 0.074878 0.342864 0.177868 -0.013595 -0.288546 -0.016371 -0.252767
0.042452 -0.168936 -0.071242 -0.043534 0.240219 0.175215 -0.142395 0.007993 0.210598 0.053601
0.076915 -0.070549 -0.276471 -0.194305 0.028541 -0.019172 -0.243307 -0.009862 -0.008225 -0.019191
0.212288 0.161977 0.202381 0.077331 0.055672 0.136221 0.157169 -0.005513 0.150870 0.017551
-0.115986 0.168940 -0.002305 0.204325 -0.039478 -0.029286 0.027171 0.036559 -0.060734 -0.208825
0.063004 -0.143702 -0.021303 -0.002090 0.333247 0.056030 0.142034 -0.137415 -0.006821 0.157139
0.064180 -0.123218 0.132021 -0.130778 0.052594 0.129206 -0.221139 0.063726 0.232996 -0.149601
0.258032 0.101887 -0.145795 -0.014104 -0.129910 -0.231651 -0.160086 0.254198 -0.324812 -0.363595
-0.060914 0.023757 -0.187941 -0.148581 -0.020567 -0.112407 -0.152421 -0.139113 0.180192 -0.075751
-0.154077 -0.001845 -0.362777 -0.382096 0.258514 -0.110361 -0.243050 -0.104623 0.242800 -0.074240
-0.074845 -0.064016 -0.198896 0.226551 -0.084575 -0.024408 -0.024256 -0.060849 0.073197 0.089365
-0.082296 0.078570 -0.177291 0.095552 0.148335 0.215862 0.152995 0.162120 0.047800 -0.114773
0.197810 0.408687 -0.241836 -0.024841 0.283474 -0.003341 0.107656 -0.203627 0.249226 0.273359
-0.202003 0.251353 0.054187 -0.102073 0.093607 -0.154153 -0.220055 -0.159832 0.100943 -0.099321
-0.127157 -0.128944 0.165567 0.086184 0.134071 -0.139036 0.074684 -0.134653 0.067110 0.284302
-0.101570 -0.065483 -0.063183 -0.025336 0.313014 -0.265652 0.131341 0.153046 -0.073947 0.167575
-0.305232 -0.059671 -0.276817 -0.085538 0.021926 0.056763 -0.090701 0.060179 -0.080649 0.046907
-0.019620 0.121621 -0.042436 0.191218 0.022507 -0.312588 -0.049254 0.295493 0.003738 0.109909
0.079362 -0.097719 -0.137278 0.002900 0.089475 0.155671 -0.091307 -0.139439 0.112333 0.024966
0.149333 -0.060295 -0.002145 0.002861 -0.076387 -0.009789 0.131784 -0.091209 -0.075982 -0.076144
-0.109883 -0.062246 -0.099915 0.246917 0.248552 -0.016132 -0.069730 0.408200 -0.216905 0.089296
0.029495 -0.060839 0.035020 0.108973 0.123683 0.056057 -0.020974 0.072599 0.058857 -0.056794
0.338984 -0.183606 -0.033835 -0.261623 0.166186 -0.160416 0.244261 -0.158051 0.078548 0.056826
0.070319 -0.093827 0.169756 0.050971 -0.261095 0.056138 -0.130497 0.010721 0.057510 0.182124
-0.222796 0.078467 0.096791 0.123707 -0.172194 -0.024207 0.383703 0.059458 -0.246327 0.032003
0.076327 -0.063556 0.000175 -0.015076 0.096422 0.185368 -0.073837 -0.137825 0.007791 -0.028817
0.303307 0.183315 -0.103390 0.084786 -0.067791 -0.215768 -0.037383 -0.043316 -0.050481 0.176742
0.229502 -0.198141 -0.071196 0.176039 -0.137646 0.379742 -0.057179 -0.022265 0.096875 0.035661
0.090324 -0.236226 -0.186543 -0.040825 0.125876 0.082804 0.109756 0.193013 0.263557 0.185441
-0.087886 0.154063 0.219239 0.171059 0.288791 0.096504 -0.385008 -0.101859 -0.091386 -0.090061
0.040349 0.164725 -0.118273 -0.108698 -0.204683 0.071681 0.085900 0.023465 0.117313 0.057762
0.182541 0.170721 0.086345 0.208829 0.189458 0.000518 -0.197784 -0.218139 0.229211 0.067938
0.048279 0.039774 0.152000 0.164305 -0.178623 0.277949 0.277645 0.043481 -0.282925 -0.296604
0.026830 0.055092 -0.155192 -0.022914 -0.020565 -0.343812 -0.072044 0.222549 -0.130850 0.208543
-0.027228 0.015628 -0.064994 0.119711 -0.029613 0.089399 -0.186854 0.015157 0.062401 -0.232470
0.023684 0.123157 -0.148667 0.089308 -0.001123 -0.051242 0.211892 0.009774 0.038404 -0.400966
-0.212544 -0.307900 -0.060339 -0.097835 0.028590 -0.058797 -0.055605 -0.118583 -0.039907 -0.150913
0.143253 -0.064245 -0.198737 -0.025073 0.032016 -0.182208 0.096543 0.261651 -0.107712 0.074086
0.243654 -0.160461 -0.174019 0.145052 -0.070960 0.256275 0.187633 -0.069355 -0.059954 -0.165846
-0.056091 -0.057575 0.024674 -0.106016 -0.071624 -0.036209 -0.200797 0.194242 0.217674 -0.043677
-0.284342 -0.000795 0.148774 -0.099450 -0.292293 0.097043 0.071071 0.167964 0.073070 0.122857
0.012203 0.021362 0.054013 -0.079285 0.013976 0.145727 0.208308 0.251085 -0.000707 -0.206020
-0.002072 0.071393 -0.100136 0.049775 0.170289 -0.101501 0.354761 0.063436 0.001623 0.006569
-0.173839 -0.005687 0.014578 -0.008865 0.205193 0.021985 0.026692 -0.184323 -0.011762 0.066284
-0.073293 -0.018947 -0.061889 -0.162779 0.112977 0.356355 0.108805 0.188413 0.291095 -0.086185
0.055120 -0.356929 -0.050304 0.058753 0.085137 -0.192632 0.157763 -0.096202 0.148946 -0.117303
0.066937 0.159569 0.033034 0.041396 -0.133440 -0.122772 0.272377 0.076179 -0.107542 -0.049577
0.086181 0.036716 0.164735 -0.156090 0.130898 0.063301 0.018504 0.082254 -0.093692 0.049648
0.042024 0.011866 0.128728 -0.096491 0.042769 -0.021678 -0.035583 -0.221294 0.153387 -0.188348
-0.090367 -0.179810 0.036323 0.060790 -0.154156 0.094354 0.238336 -0.192925 -0.084755 0.077647
0.151255 0.073211 0.114649 0.235657 -0.022328 0.076645 -0.108393 -0.031782 0.046555 -0.128429
-0.106794 -0.192899 -0.091655 0.000981 -0.277751 -0.199914 -0.100573 0.310004 0.215544 0.132201
-0.081481 -0.374049 0.272593 -0.019322 0.294498 0.198603 -0.182218 0.041334 0.005718 0.010150
-0.206303 -0.110849 -0.165790 0.047070 0.234467 0.180437 0.013941 -0.189275 -0.131702 -0.100470
-0.174595 0.089903 -0.069834 -0.062126 -0.095555 -0.099521 -0.104515 0.000166 0.179367 -0.225151
0.018656 -0.182023 0.110321 -0.138793 -0.034419 -0.023954 -0.017532 0.012746 -0.111057 -0.190435
0.094087 -0.124259 -0.079288 -0.204263 0.293029 0.132818 0.018530 0.057962 0.114730 0.079216
-0.284258 0.086880 -0.189010 0.102904 -0.000679 0.202626 -0.110174 -0.168443 0.256571 -0.153579
0.079031 -0.067992 0.227568 0.223868 -0.072681 -0.072010 -0.294913 -0.053483 0.033902 -0.105251
0.145089 0.005904 0.112978 0.331026 -0.054667 0.006719 0.043133 -0.229890 -0.055639 0.093879
-0.001368 0.043388 0.167561 0.108751 -0.070948 0.030012 0.038027 0.459369 0.007187 0.058841
0.192776 0.208312 0.155655 -0.097565 0.145353 -0.066875 0.008772 0.154954 -0.237391 -0.132239
-0.044350 0.107512 -0.168264 0.317483 -0.108151 0.211161 -0.331154 0.051047 -0.031562 -0.063442
0.098547 0.073087 -0.225271 -0.242210 0.056766 0.167095 -0.004888 -0.226156 0.267447 0.170345
-0.002668 -0.150790 -0.097103 0.127137 0.094593 -0.160212 0.072486 -0.063441 -0.179200 0.440076
-0.148123 -0.007742 -0.049801 -0.150149 0.235225 0.068014 0.005585 0.050593 0.066023 0.112903
0.118573 0.019377 -0.103103 -0.014087 0.118191 0.066472 -0.037670 0.180031 -0.155919 -0.095455
0.056950 -0.268167 -0.004462 0.135268 0.243483 -0.182705 0.048018 -0.033794 0.047498 0.215468
0.016340 0.043528 -0.114982 -0.147245 0.052740 -0.175047 -0.008010 -0.281197 0.321589 -0.382277
0.126407 -0.134460 0.102018 0.049562 0.010709 -0.090471 -0.135775 0.041692 -0.129974 -0.191343
