0.098704 0.005875 0.041624 -0.153681 -0.092397 0.042624 -0.087540 -0.288601 -0.134777 0.087420
0.149553 -0.133673 0.136938 -0.058491 0.025695 0.226494 0.168779 -0.186157 -0.121453 -0.069292
-0.037269 0.043955 -0.161476 -0.160290 -0.073992 -0.008668 0.120066 0.053049 0.084785 0.045796
0.164880 -0.067797 -0.141126 -0.023615 -0.157955 0.119832 -0.006125 0.182045 0.009387 0.042851
-0.305850 0.053827 -0.065878 0.024093 0.102875 -0.260749 -0.286139 -0.061439 0.079482 0.174014
0.316838 -0.138829 -0.104970 0.122800 -0.156284 -0.338768 -0.152052 -0.010533 -0.104115 0.018487
-0.139720 -0.183760 0.072501 0.253433 -0.282701 0.107143 -0.180333 0.155236 -0.006013 0.048226
-0.142329 0.089412 -0.077432 -0.115378 -0.114630 -0.113003 -0.101686 0.083190 -0.079178 0.015632
0.115862 0.163617 -0.110117 0.146461 0.282442 0.045813 0.305012 -0.020491 0.082495 0.128677
-0.150746 0.051629 -0.146177 -0.119688 -0.082985 -0.093223 0.106606 0.044370 -0.125915 -0.103745
-0.197264 -0.222698 0.041422 -0.010862 0.018731 -0.128173 -0.051958 0.217239 -0.183012 -0.042374
0.214867 0.097021 0.109513 0.122998 0.085074 -0.174682 -0.181555 0.265074 -0.124434 -0.003407
-0.253148 -0.102120 0.198945 -0.066136 0.226428 0.049052 -0.043630 -0.070954 0.417776 0.280071
0.043557 -0.121840 0.107297 -0.019350 -0.260497 -0.118256 0.065318 0.194056 -0.012442 0.291625
-0.228569 0.060632 0.121549 -0.107747 0.155732 -0.427635 0.009906 -0.103663 -0.097732 -0.157486
-0.032255 0.192130 0.135562 0.117875 0.182254 -0.162420 -0.189332 0.249195 -0.113514 -0.178605
-0.211600 0.130855 0.396898 0.056270 0.062093 0.169168 0.026189 0.015333 0.106770 0.128916
0.375885 0.104276 0.080314 -0.149730 0.012615 0.100814 0.160021 -0.034252 0.029799 -0.157961
-0.009824 -0.097985 0.021964 0.004676 0.045542 0.213008 -0.063987 0.180913 0.000340 -0.129858
-0.134819 0.026751 0.231327 0.086206 0.124765 0.012192 -0.409214 0.144328 0.127336 -0.186099
-0.003303 0.102830 0.205983 0.071147 0.118122 0.005404 -0.155994 0.016873 0.160639 0.069284
-0.050617 -0.222649 0.029130 0.130589 -0.067540 -0.019536 -0.000071 -0.156748 -0.125608 -0.012018
0.097800 -0.068838 -0.023145 -0.172519 -0.038288 0.044863 0.057466 -0.081958 -0.149163 0.064040
0.127321 -0.282475 0.132282 -0.520172 -0.020578 0.013140 0.023139 -0.209450 -0.106692 -0.314012
0.180340 -0.027799 -0.057728 -0.023051 -0.135336 0.110128 -0.278899 -0.033338 -0.087942 0.347700
0.044060 -0.035168 0.154856 0.257028 0.160672 -0.117658 -0.187135 -0.178603 0.020477 -0.360523
-0.078610 0.117331 0.127962 0.461517 -0.128052 0.074157 -0.281247 0.067039 -0.096600 0.039427
-0.193499 -0.170045 0.143835 -0.077619 -0.013309 -0.057380 -0.027895 0.037872 -0.072287 -0.317277
0.035775 -0.051579 0.133186 0.350266 0.017400 -0.471595 -0.066614 -0.054632 0.187162 0.210653
-0.152084 0.261530 -0.034239 -0.085229 0.054198 0.117728 -0.064086 -0.155885 -0.019296 -0.048296
0.008615 -0.032429 0.040673 0.111832 -0.264137 0.025469 0.076761 0.159344 0.029021 -0.154605
-0.116456 -0.143184 0.067108 0.284988 0.163183 0.065564 -0.051638 -0.388066 0.284759 -0.139819
-0.124489 -0.386035 -0.007595 0.075642 -0.066763 0.293038 0.102372 -0.136861 0.082652 -0.075512
0.085145 0.215690 0.071299 0.136288 -0.013687 0.034906 0.183885 0.011217 -0.055663 0.015673
-0.141688 0.134233 -0.190437 -0.050915 -0.175142 0.037864 -0.042110 -0.076614 -0.132346 0.104658
-0.025846 -0.088821 0.120518 0.351234 -0.001534 0.077316 0.072109 -0.086523 -0.213109 0.267645
0.146707 -0.092291 -0.063555 0.111686 -0.084919 -0.089722 -0.222188 -0.215424 -0.378731 0.222523
-0.099080 -0.227858 0.127733 0.273029 0.087333 0.198983 -0.148619 -0.007986 -0.025115 0.035812
-0.111441 0.214253 0.109808 0.291361 0.211733 0.083257 0.160246 -0.255764 -0.017284 0.215793
0.124669 0.138021 -0.227506 0.000097 0.144019 0.016857 -0.077497 -0.167328 -0.315781 0.119733
-0.180671 0.026174 -0.033272 0.075065 -0.012485 0.163522 0.106539 -0.027669 0.156179 -0.094559
-0.130935 0.341200 -0.011228 0.021232 -0.180042 0.234144 0.228767 0.088792 0.074360 0.001916
-0.129778 0.153646 -0.204257 0.012466 0.037863 -0.208487 -0.138356 -0.089061 0.172501 0.200000
0.129596 -0.069144 -0.137765 0.155186 0.165025 -0.017406 -0.021008 -0.147024 0.021427 0.178750
-0.002465 -0.015744 -0.117348 -0.026799 0.053209 -0.135756 -0.074661 -0.027861 -0.223063 0.133179
0.108025 0.028526 0.374244 -0.019839 0.213744 0.110033 0.058450 0.044697 -0.184307 0.077548
-0.209118 0.005692 -0.218285 -0.149924 0.091365 -0.076157 -0.147271 -0.265631 -0.053158 0.010306
0.064290 0.092808 0.101192 0.005321 0.048490 -0.080022 -0.263367 0.091206 0.183481 0.187455
-0.138530 0.104101 -0.336308 0.170535 -0.181303 0.043539 0.142811 -0.213003 0.015851 -0.008671
0.040944 0.076099 -0.172039 -0.075870 0.068652 -0.089388 0.099099 -0.204795 -0.065808 -0.014928
-0.120504 -0.112054 0.237109 -0.038819 0.087927 -0.038566 -0.011888 0.064185 -0.111861 0.167787
-0.128814 -0.112710 -0.129283 0.162335 -0.026384 -0.132809 -0.159816 0.109712 -0.267887 0.008521
-0.353819 -0.327783 0.006268 0.061179 0.025522 -0.032169 0.204899 0.100298 0.178939 -0.190751
0.225230 0.170152 -0.220788 -0.103286 -0.167115 0.070043 0.122370 0.195376 -0.304989 -0.060261
0.271620 -0.289141 0.200554 0.150977 -0.195996 -0.000494 -0.092849 -0.031733 0.239164 0.106014
-0.014973 -0.156835 0.050036 -0.278331 0.149279 -0.016379 0.092260 -0.159382 0.059043 0.234861
0.239626 0.064086 -0.274614 0.051631 0.045018 -0.227453 0.038030 0.178931 -0.205802 0.054872
-0.250683 -0.147843 0.227290 -0.097788 0.035080 0.290861 0.009199 0.191376 -0.016274 -0.155785
0.126020 0.086167 -0.142407 -0.171451 0.022659 -0.050011 -0.081299 0.163561 -0.124203 0.214088
0.014553 -0.396317 -0.097232 0.145463 0.189101 0.083878 -0.206333 0.237506 -0.078042 -0.076468
0.073908 -0.166052 0.011022 -0.298610 -0.070607 -0.004917 0.305538 -0.087095 -0.051535 0.128341
0.146854 -0.093765 -0.131430 0.099069 0.036298 0.020708 0.169773 0.065502 -0.342374 -0.023831
-0.214908 -0.317755 -0.157014 -0.056549 0.018370 0.190044 0.112331 0.135151 0.353228 -0.029881
-0.089915 -0.136002 -0.026734 -0.299984 0.007565 0.020301 0.186683 -0.027399 -0.164761 0.023414
0.027105 -0.135990 0.096494 0.029116 0.185220 -0.205778 -0.188799 -0.244216 0.063479 -0.176884
-0.317382 -0.087526 -0.108128 0.072689 0.146461 -0.048118 -0.042382 -0.262723 0.069684 -0.062825
0.193911 0.194270 -0.133651 0.035811 0.075145 0.162224 0.214417 -0.026136 0.193483 -0.205717
0.368385 -0.122489 -0.166922 -0.045187 0.024946 0.057019 0.056286 0.037628 0.002286 -0.108225
0.192485 0.135138 -0.087368 -0.237332 0.344491 0.048283 0.002554 0.199284 0.048082 0.144253
0.128398 -0.005789 0.092350 0.068576 -0.309539 0.005878 -0.288711 0.073547 -0.083178 -0.117319
0.114604 -0.164649 0.015421 -0.194647 -0.046682 -0.325530 -0.048862 -0.061567 0.081215 0.257911
-0.112759 0.100720 0.298295 0.152618 -0.021865 0.043061 0.137938 -0.176641 0.117170 0.142883
-0.189105 0.275944 0.261215 0.014101 0.269374 0.108708 0.027719 0.202457 -0.062502 0.356609
0.124875 -0.142624 0.043581 -0.145476 -0.093141 0.345519 0.077961 -0.028001 -0.256637 0.154982
0.247003 -0.258193 -0.228134 0.047591 0.210708 0.070177 0.123120 -0.171518 0.248902 -0.002285
-0.189525 -0.039116 0.057077 -0.047051 -0.009711 0.142204 0.451312 -0.063215 -0.066075 -0.108301
-0.044988 -0.063857 0.201294 -0.165218 -0.385705 -0.026651 -0.110698 -0.090072 0.011780 -0.205029
-0.068429 -0.056035 -0.138818 -0.086952 0.025795 0.215564 0.017554 0.010590 -0.063589 -0.013058
-0.141789 0.158680 -0.203686 -0.026337 -0.053162 -0.048208 -0.066887 0.086704 0.001360 0.039364
0.138407 -0.025665 0.014422 0.007240 0.135788 0.120065 0.126317 0.168366 0.355965 0.185842
0.245211 0.015796 0.288690 0.077939 -0.011273 -0.154987 0.126619 -0.081120 -0.025002 -0.028399
0.164163 -0.048983 -0.025907 -0.101408 -0.215296 -0.135689 0.025063 -0.009434 0.007126 -0.005355
0.321430 0.219897 -0.220116 0.111806 0.040223 0.093240 0.212468 -0.096569 0.096147 0.084030
0.197091 -0.131565 -0.125129 0.086698 -0.009465 0.072366 0.040987 0.047866 0.325900 0.383904
0.093588 0.160876 -0.184390 0.045919 0.063118 0.181119 0.032857 0.285419 -0.138911 -0.147203
0.185232 0.142594 -0.045480 -0.060795 0.289458 -0.123543 0.215062 0.135297 -0.033994 -0.078785
0.094260 0.132880 -0.017258 0.002829 0.121281 0.273951 -0.038824 0.151388 0.140105 0.035528
0.322426 0.307354 0.156979 0.144632 -0.156341 -0.052149 0.136844 -0.055668 -0.189930 0.089736
0.022886 -0.106435 -0.054132 0.005780 -0.127540 -0.081077 0.031864 0.093928 0.153095 -0.087005
-0.000492 0.110189 -0.024674 0.028379 0.390195 -0.049482 0.203517 0.165377 0.201111 0.183095
0.357765 0.395990 -0.239956 0.111641 0.126857 0.132017 -0.088031 0.044651 -0.184932 -0.253841
-0.057068 0.237244 0.218344 0.011851 -0.164287 0.353385 -0.037742 -0.147477 -0.084301 -0.130594
0.044086 0.155128 0.104927 0.140781 0.125525 -0.011755 0.031220 0.040748 -0.095707 -0.389018
0.076591 -0.172573 -0.154025 0.216930 -0.133933 0.014940 0.099350 0.017913 0.065184 0.063951
0.264077 0.038198 0.003442 0.129676 0.040886 -0.099004 -0.002961 0.039275 0.093342 0.330390
-0.061874 -0.133537 -0.327615 0.098817 0.203602 0.021987 0.060823 0.091023 -0.050291 0.268842
0.117258 -0.166771 0.098433 0.047109 -0.202615 -0.105397 -0.175146 -0.004996 0.048259 0.085680
0.184164 -0.043353 -0.114418 -0.063323 -0.015459 0.026678 -0.050456 -0.019423 -0.097063 0.306940
0.423437 -0.102670 -0.310892 -0.241961 -0.108886 0.128160 -0.025607 -0.019661 0.044633 -0.089410
0.162437 0.002711 0.049597 -0.029651 -0.168617 -0.267187 -0.024224 -0.146937 -0.047791 -0.081417
-0.098904 -0.006131 0.033547 -0.004804 -0.060101 -0.242613 -0.142691 -0.134097 0.080817 0.144226
-0.025389 -0.057221 0.171871 -0.122759 -0.365131 0.049846 0.018537 0.115447 -0.366374 -0.308531
0.181262 0.015857 -0.330811 0.202163 0.038247 0.079501 -0.050425 0.002824 0.002748 -0.072058
0.108633 0.071429 0.132751 -0.139238 -0.085507 0.181940 -0.166672 0.068900 -0.013634 0.085667
-0.052965 0.361716 0.006033 -0.021193 0.268420 -0.069032 -0.039947 0.051426 -0.061491 0.309942
0.153317 -0.184726 0.062299 -0.125526 -0.059564 -0.037240 0.097915 0.057034 -0.051611 0.247931
0.068783 0.041944 0.046868 -0.240594 0.186395 -0.129894 -0.076622 0.060361 -0.053357 -0.080563
-0.055806 0.168864 0.188543 -0.229160 0.409912 0.067805 0.120825 -0.273747 0.078762 -0.048144
0.010207 -0.081993 0.231781 0.086106 0.232778 0.009768 -0.171840 0.072784 -0.045081 -0.067502
-0.146686 -0.097482 -0.079559 0.071355 0.124851 -0.035356 0.045128 -0.228723 0.285157 0.236099
-0.095854 -0.128409 -0.066567 -0.365036 -0.081783 0.081201 -0.060501 -0.075295 0.062496 0.089675
-0.131457 -0.110639 -0.009732 0.225478 0.000317 0.062981 -0.189004 0.112671 0.029300 -0.082541
-0.039595 0.162144 0.191869 0.118191 0.003638 -0.067715 -0.135821 -0.019273 -0.110687 -0.185840
0.157969 0.132555 -0.001553 0.104821 -0.148969 0.133243 -0.240919 -0.194427 -0.046456 0.118012
-0.192484 0.234503 0.184113 -0.193921 -0.043416 0.078149 0.060606 -0.258371 -0.052501 0.090447
0.154189 -0.069688 0.084321 0.101832 0.077057 -0.015767 0.104485 0.057860 0.210645 -0.125435
-0.089564 -0.146491 0.010218 -0.159772 0.074122 -0.015785 0.376653 -0.146615 0.053529 -0.178680
0.193367 0.253891 -0.159156 -0.004966 0.134201 0.428036 0.064918 -0.000122 0.051800 0.026950
-0.183235 0.055761 0.272511 -0.244702 0.031132 0.070732 -0.093065 -0.063891 0.413654 -0.370315
-0.027374 0.124848 -0.095783 0.059759 -0.051144 0.046221 0.056418 -0.025409 -0.007057 0.013902
