0.323546 -0.052322 -0.020014 0.148164 -0.045883 0.092796 0.249036 0.256388 -0.024173 0.206469
0.172458 -0.292982 -0.241795 -0.038784 -0.109571 -0.085444 -0.028976 -0.154705 0.051376 0.061474
0.092493 -0.018431 -0.111270 -0.093404 0.125164 0.060277 -0.009291 -0.009216 0.098750 -0.247704
0.069651 0.166143 -0.186229 0.066292 -0.019070 0.021933 0.074888 0.027588 0.154753 -0.080848
-0.402422 -0.056106 -0.129122 0.118886 0.103945 -0.034936 0.171490 -0.003591 -0.065890 0.025111
0.177736 -0.262088 -0.219825 -0.008852 -0.004979 0.158323 -0.229402 0.011116 -0.079896 -0.320801
-0.212254 0.110559 -0.075474 -0.159674 -0.055543 -0.053834 0.157004 -0.153099 0.198392 -0.170677
-0.316234 0.103517 0.035615 -0.098981 0.088732 -0.130134 0.120910 -0.301178 0.189470 -0.345279
-0.019209 0.074348 -0.044732 -0.012891 0.101071 -0.218586 0.079412 -0.022253 0.155566 -0.045972
-0.033631 0.050636 0.136015 0.071275 0.262668 0.169410 0.528080 -0.012825 -0.211654 -0.028870
0.075590 0.172741 -0.016832 0.070976 0.228472 0.123644 -0.125238 0.216815 0.034676 0.198749
-0.051307 0.251114 0.146814 -0.145235 0.179025 0.139944 0.099857 -0.005176 0.095388 -0.087818
0.119208 0.080172 0.046620 0.052931 -0.018218 -0.011792 -0.253828 -0.084216 0.122746 0.046127
0.057401 0.078625 0.128265 -0.063509 0.096403 -0.249622 -0.084283 -0.322751 -0.019291 -0.119828
0.165396 -0.143051 -0.097294 0.255628 0.034319 0.201881 -0.234225 0.034530 0.199762 0.217989
0.022782 -0.014114 -0.155400 0.059852 0.243923 -0.215591 -0.460259 0.046055 -0.095032 -0.117272
0.060142 -0.069647 -0.231524 -0.131137 -0.229046 -0.127939 0.113211 -0.000563 -0.006112 0.187043
0.139809 0.032539 -0.037658 0.171279 -0.109987 0.180755 0.027358 0.008462 0.006313 0.069018
-0.167789 -0.021058 -0.302707 0.014593 0.514634 -0.407472 0.100465 0.104730 -0.046782 -0.089330
0.181451 -0.024044 -0.030321 -0.121508 0.149347 0.133739 -0.161506 0.079832 0.052604 0.004997
0.021752 -0.068763 0.193274 0.099502 0.000359 0.109069 0.153929 -0.141730 0.411170 -0.101912
0.093577 0.071309 0.128232 -0.091199 0.272371 0.090403 0.273869 0.194937 0.081341 -0.096557
0.137614 0.076940 0.093384 0.029710 -0.136534 -0.034420 0.094303 0.016278 0.267138 0.280021
-0.116372 0.105719 -0.296169 -0.071952 0.306114 -0.160913 0.232942 0.166704 -0.029839 0.102097
0.055750 0.077570 0.005129 -0.145177 -0.014114 -0.422840 -0.087327 -0.013617 -0.038402 -0.015702
-0.005050 -0.106342 -0.078777 0.048658 -0.160315 -0.091524 -0.046107 -0.041788 0.118206 -0.108580
0.015370 0.085893 -0.026455 -0.170939 -0.042653 0.104303 -0.013948 0.015888 -0.195664 -0.125859
0.204573 0.000302 0.080085 -0.338210 0.080362 -0.193008 -0.016429 0.214852 0.064156 0.173146
-0.250923 -0.090968 0.036733 -0.361828 -0.176725 0.050018 -0.191163 -0.146231 -0.071264 -0.036841
0.203011 0.089712 -0.009538 0.176311 0.023426 0.001870 -0.114674 -0.100688 -0.302512 -0.008002
-0.030617 -0.107670 -0.091042 0.135246 0.029589 -0.131264 0.044935 -0.023711 0.076350 0.252425
-0.170233 -0.248063 -0.213806 -0.172084 -0.078189 0.047427 -0.191504 0.255075 -0.117668 -0.156123
0.215769 -0.084295 0.183195 0.273186 0.034184 0.156163 0.101957 -0.368532 0.160533 0.025789
0.118664 0.121624 -0.010029 -0.004592 0.056692 0.010270 0.060363 0.055144 0.158177 -0.207192
-0.281393 0.076623 -0.152976 0.121929 0.166632 -0.081314 -0.042219 0.119313 -0.096137 -0.063315
-0.254120 0.010582 0.177209 0.228600 -0.089725 -0.004851 -0.218429 0.068553 0.063844 -0.053049
-0.175281 -0.036573 -0.141491 0.181101 -0.024293 -0.198349 -0.052003 -0.129098 -0.066130 0.077266
-0.124179 -0.128855 0.105101 -0.060314 0.230039 -0.071050 -0.167374 -0.082074 -0.086445 0.182073
0.256632 -0.397936 0.065194 -0.130936 -0.106703 0.137237 -0.153994 0.309438 0.124056 0.193583
-0.045974 0.153993 -0.171649 0.157334 -0.102115 0.017755 0.081993 -0.101617 0.321000 0.437665
0.226733 -0.276467 0.173932 -0.156244 0.003168 -0.140630 -0.009262 0.038322 0.094101 -0.066607
-0.381242 0.153151 -0.158072 -0.145334 -0.163799 -0.055159 0.137376 0.154014 0.076554 -0.124029
-0.147492 0.133302 0.023945 0.097827 0.140004 -0.015677 -0.098830 0.055961 -0.047638 -0.094673
-0.406714 -0.163619 -0.247501 -0.258655 0.089337 -0.013930 0.106226 -0.137578 0.106385 0.143941
-0.280922 -0.052586 0.251012 0.176784 0.300959 -0.127457 0.035970 0.019751 -0.050962 0.316605
-0.001521 -0.030681 -0.072469 0.141475 -0.106207 -0.217792 -0.096757 0.050276 0.087393 0.101132
-0.064113 -0.230034 0.014962 0.217450 0.082195 -0.023365 0.199571 0.101008 0.186293 0.304037
0.140009 -0.087343 0.167399 -0.203087 -0.278590 0.170022 -0.089463 0.305001 0.003767 -0.011820
0.144567 -0.020794 0.032541 0.127030 -0.076369 -0.087910 -0.155270 -0.022384 0.131202 -0.095564
-0.038649 -0.196521 -0.015317 0.101791 0.102996 -0.375851 -0.042565 0.053657 0.033572 0.005082
-0.162611 -0.011802 -0.043054 -0.268301 0.049062 0.209232 -0.076101 0.009236 0.034391 -0.132164
0.409457 0.374086 -0.019781 0.134472 0.143026 -0.107052 -0.154266 -0.124515 0.130214 -0.085181
0.243530 0.259940 -0.066375 -0.002185 0.024128 -0.254406 -0.030918 0.021370 0.153897 0.228941
0.203136 0.054789 0.048479 -0.035959 0.052795 0.077712 -0.292412 0.012806 0.047178 0.032183
0.137345 -0.075428 -0.064326 0.146910 -0.013212 0.151187 -0.082903 -0.285296 -0.006209 -0.009368
0.061577 0.068794 -0.019421 0.072392 -0.166248 -0.181361 0.117188 -0.075127 0.101018 -0.005859
0.148379 -0.176030 -0.012835 0.141994 0.023381 -0.151702 0.011957 -0.034728 0.242693 -0.039504
0.062045 -0.032069 0.141234 -0.178349 0.426326 -0.093353 -0.081862 -0.034213 0.073354 -0.182515
-0.153751 -0.011542 -0.170995 -0.251476 -0.126556 -0.115346 0.245914 0.237898 -0.129929 0.002164
-0.155562 0.030520 -0.285981 -0.239193 -0.132828 -0.033796 -0.060260 0.050477 0.104002 -0.082888
0.039568 0.108955 0.096367 -0.290605 -0.118106 0.359194 -0.113407 0.065344 -0.013047 0.136239
0.128575 -0.007513 0.253941 -0.288560 0.138738 0.018866 -0.200784 -0.211084 0.267375 0.257704
0.124356 -0.078087 0.210598 0.046600 0.026302 0.128445 0.115297 -0.032190 0.036259 0.024363
0.031966 0.003613 -0.130962 -0.040403 0.116541 0.047042 0.021791 0.064536 -0.070505 -0.186208
-0.248918 -0.176551 0.065090 0.220952 -0.031508 0.084381 0.162198 -0.055823 -0.357342 -0.179201
-0.036104 -0.250533 -0.144231 -0.250132 0.068567 -0.044376 0.145764 0.028886 0.194103 0.166883
-0.065288 0.067797 0.056305 -0.090918 0.028308 0.105230 -0.001385 -0.230084 -0.063692 -0.152770
-0.162131 0.050063 0.065280 -0.031820 0.066724 0.174226 0.023693 0.236788 0.085285 -0.002594
-0.154361 -0.160641 -0.003947 0.182916 0.004036 -0.021721 -0.018335 -0.068483 0.086822 0.075172
0.121742 -0.178415 0.131563 -0.141473 -0.078222 -0.038489 0.004934 -0.245215 -0.061334 0.014062
0.091574 -0.343907 0.169537 -0.131034 -0.078497 0.176977 0.208724 0.045500 0.380264 -0.041273
0.113691 0.146216 -0.116470 0.256777 0.279470 0.019767 -0.080100 0.199786 0.149391 -0.047525
-0.023187 0.193351 -0.116674 0.213422 -0.149773 0.024273 0.058474 0.026624 0.063710 -0.369274
0.088219 0.158295 0.365602 -0.143991 0.038835 0.249676 0.102991 0.183909 0.125971 -0.024579
0.252922 -0.210286 0.063893 0.271506 0.087530 0.245424 -0.098400 0.164794 0.173708 -0.301326
0.280250 -0.171134 0.179133 -0.091750 0.118709 0.038728 0.077353 0.189094 0.095880 0.148822
-0.317369 -0.230535 0.186156 0.099332 0.273189 -0.311611 -0.176956 0.109586 0.277909 -0.136731
0.121227 -0.070005 -0.091624 -0.026818 -0.129529 0.256582 -0.082097 0.026634 -0.193125 -0.008248
-0.102882 0.091435 -0.208394 0.168691 0.096228 0.057354 -0.170005 0.048736 0.006512 0.055981
-0.261191 -0.340802 0.182332 -0.277195 0.024510 0.109625 0.150185 -0.120606 0.074828 0.007023
